      0.00000      0.73394037
     0.100000       1.0000000
     0.200000      0.74921420
     0.300000      0.69920069
     0.400000      0.57794930
     0.500000      0.49222849
     0.600000      0.40346564
     0.700000      0.32829804
     0.800000      0.26164217
     0.900000      0.20605212
      1.00000      0.16044845
      1.10000      0.12448240
      1.20000     0.096988207
      1.30000     0.076748783
      1.40000     0.062394189
      1.50000     0.052617947
      1.60000     0.046233936
      1.70000     0.042244617
      1.80000     0.039855519
      1.90000     0.038469643
      2.00000     0.037661913
      2.10000     0.037146620
      2.20000     0.036743426
      2.30000     0.036346814
      2.40000     0.035900968
      2.50000     0.035380728
      2.60000     0.034778243
      2.70000     0.034094500
      2.80000     0.033334645
      2.90000     0.032505939
      3.00000     0.031617255
      3.10000     0.030679209
      3.20000     0.029704263
      3.30000     0.028706435
      3.40000     0.027700533
      3.50000     0.026701050
      3.60000     0.025720957
      3.70000     0.024770675
      3.80000     0.023857438
      3.90000     0.022985171
      4.00000     0.022154827
      4.10000     0.021365054
      4.20000     0.020612954
      4.30000     0.019894716
      4.40000     0.019205984
      4.50000     0.018541950
      4.60000     0.017897309
      4.70000     0.017266267
      4.80000     0.016642790
      4.90000     0.016021181
      5.00000     0.015396899
      5.10000     0.014767414
      5.20000     0.014132836
      5.30000     0.013496097
      5.40000     0.012862596
      5.50000     0.012239361
      5.60000     0.011633972
      5.70000     0.011053474
      5.80000     0.010503532
      5.90000    0.0099879694
      6.00000    0.0095086881
      6.10000    0.0090659032
      6.20000    0.0086585322
      6.30000    0.0082846091
      6.40000    0.0079416187
      6.50000    0.0076267130
      6.60000    0.0073368245
      6.70000    0.0070687199
      6.80000    0.0068190524
      6.90000    0.0065844526
      7.00000    0.0063616803
      7.10000    0.0061478289
      7.20000    0.0059405481
      7.30000    0.0057382381
      7.40000    0.0055401726
      7.50000    0.0053465099
      7.60000    0.0051581789
      7.70000    0.0049766575
      7.80000    0.0048036808
      7.90000    0.0046409252
      8.00000    0.0044897264
      8.10000    0.0043508772
      8.20000    0.0042245254
      8.30000    0.0041101712
      8.40000    0.0040067662
      8.50000    0.0039128417
      8.60000    0.0038267162
      8.70000    0.0037465057
      8.80000    0.0036705521
      8.90000    0.0035965692
      9.00000    0.0035239672
      9.10000    0.0034477565
      9.20000    0.0033745731
      9.30000    0.0032809336
      9.40000    0.0032231076
      9.50000    0.0030500451
      9.60000    0.0031561136
      9.70000    0.0025100874
      9.80000    0.0038175494
      9.90000       0.0000000
