      0.00000      0.77907001
     0.500000       1.0000000
      1.00000      0.70300910
      1.50000      0.61447701
      2.00000      0.46232030
      2.50000      0.35725023
      3.00000      0.25996898
      3.50000      0.18652758
      4.00000      0.12940252
      4.50000     0.088538272
      5.00000     0.060049370
      5.50000     0.041256005
      6.00000     0.029266312
      6.50000     0.021865611
      7.00000     0.017319511
      7.50000     0.014444042
      8.00000     0.012473581
      8.50000     0.010964237
      9.00000    0.0096824429
      9.50000    0.0085233496
      10.0000    0.0074507843
      10.5000    0.0064604417
      11.0000    0.0055588241
      11.5000    0.0047529645
      12.0000    0.0040461906
      12.5000    0.0034371274
      13.0000    0.0029202010
      13.5000    0.0024867592
      14.0000    0.0021263345
      14.5000    0.0018278161
      15.0000    0.0015804017
      15.5000    0.0013742720
      16.0000    0.0012009808
      16.5000    0.0010535937
      17.0000   0.00092663613
      17.5000   0.00081592126
      18.0000   0.00071832557
      18.5000   0.00063156391
      19.0000   0.00055399409
      19.5000   0.00048445867
      20.0000   0.00042215701
      20.5000   0.00036653635
      21.0000   0.00031719312
      21.5000   0.00027378357
      22.0000   0.00023594995
      22.5000   0.00020327134
      23.0000   0.00017524529
      23.5000   0.00015130011
      24.0000   0.00013083039
      24.5000   0.00011324344
      25.0000   9.8003445e-05
      25.5000   8.4662827e-05
      26.0000   7.2876087e-05
      26.5000   6.2396503e-05
      27.0000   5.3060213e-05
      27.5000   4.4763763e-05
      28.0000   3.7440914e-05
      28.5000   3.1042589e-05
      29.0000   2.5521969e-05
      29.5000   2.0825180e-05
      30.0000   1.6887055e-05
      30.5000   1.3630966e-05
      31.0000   1.0971715e-05
      31.5000   8.8203315e-06
      32.0000   7.0896230e-06
      32.5000   5.6993284e-06
      33.0000   4.5799815e-06
      33.5000   3.6749010e-06
      34.0000   2.9401961e-06
      34.5000   2.3431356e-06
      35.0000   1.8595539e-06
      35.5000   1.4710248e-06
      36.0000   1.1624245e-06
      36.5000   9.2029073e-07
      37.0000   7.3206728e-07
      37.5000   5.8606099e-07
      38.0000   4.7182185e-07
      38.5000   3.8064032e-07
      39.0000   3.0588489e-07
      39.5000   2.4303707e-07
      40.0000   1.8942578e-07
      40.5000   1.4374519e-07
      41.0000   1.0548132e-07
      41.5000   7.4391890e-08
      42.0000   5.0142289e-08
      42.5000   3.2127504e-08
      43.0000   1.9460713e-08
      43.5000   1.1077306e-08
      44.0000   5.8842799e-09
      44.5000   2.8926511e-09
      45.0000   1.3018390e-09
      45.5000   5.2859028e-10
      46.0000   1.8973006e-10
      46.5000   5.8378603e-11
      47.0000   1.4594769e-11
      47.5000   2.6537046e-12
      48.0000   2.6547571e-13
      48.5000   1.0134640e-16
      49.0000       0.0000000
      49.5000       0.0000000
