      0.00000      0.53267120
     0.100000      0.69916362
     0.200000      0.57059847
     0.300000      0.55547993
     0.400000      0.49849623
     0.500000      0.46007937
     0.600000      0.41845427
     0.700000      0.38337613
     0.800000      0.35249060
     0.900000      0.32778282
      1.00000      0.30911403
      1.10000      0.29658707
      1.20000      0.28965163
      1.30000      0.28755632
      1.40000      0.28936045
      1.50000      0.29413913
      1.60000      0.30109109
      1.70000      0.30962201
      1.80000      0.31935793
      1.90000      0.33010974
      2.00000      0.34180263
      2.10000      0.35439733
      2.20000      0.36782467
      2.30000      0.38194841
      2.40000      0.39656147
      2.50000      0.41141063
      2.60000      0.42623734
      2.70000      0.44082037
      2.80000      0.45500730
      2.90000      0.46872659
      3.00000      0.48197793
      3.10000      0.49480513
      3.20000      0.50726009
      3.30000      0.51936768
      3.40000      0.53110103
      3.50000      0.54237326
      3.60000      0.55304687
      3.70000      0.56295697
      3.80000      0.57194133
      3.90000      0.57986844
      4.00000      0.58665550
      4.10000      0.59227153
      4.20000      0.59672558
      4.30000      0.60004367
      4.40000      0.60224137
      4.50000      0.60330050
      4.60000      0.60315673
      4.70000      0.60170179
      4.80000      0.59880033
      4.90000      0.59431792
      5.00000      0.58815347
      5.10000      0.58026914
      5.20000      0.57071154
      5.30000      0.55962090
      5.40000      0.54722669
      5.50000      0.53383207
      5.60000      0.51979034
      5.70000      0.50547745
      5.80000      0.49126445
      5.90000      0.47749336
      6.00000      0.46445896
      6.10000      0.45239835
      6.20000      0.44148939
      6.30000      0.43185777
      6.40000      0.42359107
      6.50000      0.41675684
      6.60000      0.41142057
      6.70000      0.40765987
      6.80000      0.40557170
      6.90000      0.40527154
      7.00000      0.40688531
      7.10000      0.41053644
      7.20000      0.41633089
      7.30000      0.42434292
      7.40000      0.43460379
      7.50000      0.44709418
      7.60000      0.46174051
      7.70000      0.47841508
      7.80000      0.49693971
      7.90000      0.51709204
      8.00000      0.53861392
      8.10000      0.56122077
      8.20000      0.58461028
      8.30000      0.60846707
      8.40000      0.63246458
      8.50000      0.65625310
      8.60000      0.67945771
      8.70000      0.70162414
      8.80000      0.72228767
      8.90000      0.74072807
      9.00000      0.75659094
      9.10000      0.76831840
      9.20000      0.77743751
      9.30000      0.77761277
      9.40000      0.78373632
      9.50000      0.75610574
      9.60000      0.79951029
      9.70000      0.64169494
      9.80000       1.0000000
      9.90000       0.0000000
