     -23.0000       0.0000000
     -22.5000     0.066008356
     -22.0000     0.068495173
     -21.5000     0.094707789
     -21.0000      0.11104963
     -20.5000      0.13001250
     -20.0000      0.14668049
     -19.5000      0.16289547
     -19.0000      0.17805916
     -18.5000      0.19260993
     -18.0000      0.20667363
     -17.5000      0.22054448
     -17.0000      0.23446935
     -16.5000      0.24869558
     -16.0000      0.26341978
     -15.5000      0.27877752
     -15.0000      0.29482461
     -14.5000      0.31153339
     -14.0000      0.32879928
     -13.5000      0.34646016
     -13.0000      0.36432461
     -12.5000      0.38220458
     -12.0000      0.39994522
     -11.5000      0.41744541
     -11.0000      0.43466516
     -10.5000      0.45161977
     -10.0000      0.46836374
     -9.50000      0.48497137
     -9.00000      0.50152272
     -8.50000      0.51810356
     -8.00000      0.53482529
     -7.50000      0.55186723
     -7.00000      0.56953568
     -6.50000      0.58832532
     -6.00000      0.60895878
     -5.50000      0.63237162
     -5.00000      0.65961207
     -4.50000      0.69163877
     -4.00000      0.72902633
     -3.50000      0.77162496
     -3.00000      0.81826092
     -2.50000      0.86658025
     -2.00000      0.91312443
     -1.50000      0.95368342
     -1.00000      0.98389854
    -0.500000       1.0000000
      0.00000      0.99951254
     0.500000      0.98175483
      1.00000      0.94799812
      1.50000      0.90123308
      2.00000      0.84560974
      2.50000      0.78569307
      3.00000      0.72571385
      3.50000      0.66898264
      4.00000      0.61757653
      4.50000      0.57231539
      5.00000      0.53297349
      5.50000      0.49862864
      6.00000      0.46803865
      6.50000      0.43995589
      7.00000      0.41333601
      7.50000      0.38743480
      8.00000      0.36181486
      8.50000      0.33629730
      9.00000      0.31089336
      9.50000      0.28573799
      10.0000      0.26103682
      10.5000      0.23702824
      11.0000      0.21395698
      11.5000      0.19205386
      12.0000      0.17151878
      12.5000      0.15250563
      13.0000      0.13511015
      13.5000      0.11936283
      14.0000      0.10522878
      14.5000     0.092615153
      15.0000     0.081385449
      15.5000     0.071378326
      16.0000     0.062427474
      16.5000     0.054379144
      17.0000     0.047104686
      17.5000     0.040506608
      18.0000     0.034518425
      18.5000     0.029099650
      19.0000     0.024228013
      19.5000     0.019891005
      20.0000     0.016078430
      20.5000     0.012776842
      21.0000    0.0099661867
      21.5000    0.0076184169
      22.0000    0.0056975890
      22.5000    0.0041611243
      23.0000    0.0029613100
      23.5000    0.0020483722
      24.0000    0.0013695785
      24.5000   0.00087999886
      25.0000   0.00051717554
      25.5000   0.00027983672
      26.0000       0.0000000
      26.5000       0.0000000
