      0.00000       0.0000000
     0.500000       0.0000000
      1.00000    0.0055395471
      1.50000    0.0093259225
      2.00000     0.014410300
      2.50000     0.020064065
      3.00000     0.027107769
      3.50000     0.036028025
      4.00000     0.047777328
      4.50000     0.063549328
      5.00000     0.084859148
      5.50000      0.11339936
      6.00000      0.15084610
      6.50000      0.19856426
      7.00000      0.25728161
      7.50000      0.32679099
      8.00000      0.40575933
      8.50000      0.49170467
      9.00000      0.58116974
      9.50000      0.67007389
      10.0000      0.75418002
      10.5000      0.82958222
      11.0000      0.89311431
      11.5000      0.94260144
      12.0000      0.97692016
      12.5000      0.99588221
      13.0000       1.0000000
      13.5000      0.99021358
      14.0000      0.96765608
      14.5000      0.93350966
      15.0000      0.88896811
      15.5000      0.83528697
      16.0000      0.77387807
      16.5000      0.70639823
      17.0000      0.63479074
      17.5000      0.56125712
      18.0000      0.48815915
      18.5000      0.41786904
      19.0000      0.35259578
      19.5000      0.29421673
      20.0000      0.24413862
      20.5000      0.20320272
      21.0000      0.17164144
      21.5000      0.14908665
      22.0000      0.13462697
      22.5000      0.12690849
      23.0000      0.12427158
      23.5000      0.12491265
      24.0000      0.12705589
      24.5000      0.12911603
      25.0000      0.12983205
      25.5000      0.12835426
      26.0000      0.12427423
      26.5000      0.11759655
      27.0000      0.10866218
      27.5000     0.098040566
      28.0000     0.086412213
      28.5000     0.074461258
      29.0000     0.062792710
      29.5000     0.051881224
      30.0000     0.042050862
      30.5000     0.033479905
      31.0000     0.026222152
      31.5000     0.020236191
      32.0000     0.015415825
      32.5000     0.011617345
      33.0000    0.0086816177
      33.5000    0.0064504705
      34.0000    0.0047778026
      34.5000    0.0035362004
      35.0000    0.0026198884
      35.5000    0.0019448511
      36.0000    0.0014469597
      36.5000    0.0010788895
      37.0000   0.00080654504
      37.5000   0.00060558633
      38.0000   0.00045846074
      38.5000   0.00035213723
      39.0000   0.00027656820
      39.5000   0.00022377342
      40.0000   0.00018736700
      40.5000   0.00016233757
      41.0000   0.00014492664
      41.5000   0.00013249864
      42.0000   0.00012335486
      42.5000   0.00011649396
      43.0000   0.00011135365
      43.5000   0.00010757344
      44.0000   0.00010482353
      44.5000   0.00010269821
      45.0000   0.00010072777
      45.5000   9.8342034e-05
      46.0000   9.5148017e-05
      46.5000   9.0464800e-05
      47.0000   8.4807019e-05
      47.5000   7.6158931e-05
      48.0000   6.9865291e-05
      48.5000   5.2558960e-05
      49.0000   6.0690019e-05
      49.5000       0.0000000
