     -50.0000   0.00034777753
     -49.0000   0.00073568323
     -48.0000    0.0012596264
     -47.0000    0.0017794489
     -46.0000    0.0023829978
     -45.0000    0.0030885332
     -44.0000    0.0039440763
     -43.0000    0.0050004423
     -42.0000    0.0063263551
     -41.0000    0.0080163177
     -40.0000     0.010210407
     -39.0000     0.013127659
     -38.0000     0.017120486
     -37.0000     0.022755272
     -36.0000     0.030917756
     -35.0000     0.042927634
     -34.0000     0.060627977
     -33.0000     0.086396274
     -32.0000      0.12301022
     -31.0000      0.17330908
     -30.0000      0.23963221
     -29.0000      0.32308233
     -28.0000      0.42274011
     -27.0000      0.53503349
     -26.0000      0.65349604
     -25.0000      0.76909886
     -24.0000      0.87122303
     -23.0000      0.94917657
     -22.0000      0.99397713
     -21.0000      0.99999996
     -20.0000      0.96609112
     -19.0000      0.89585686
     -18.0000      0.79703467
     -17.0000      0.68009592
     -16.0000      0.55643037
     -15.0000      0.43653785
     -14.0000      0.32861357
     -13.0000      0.23777964
     -12.0000      0.16601670
     -11.0000      0.11266493
     -10.0000     0.075260957
     -9.00000     0.050453751
     -8.00000     0.034786430
     -7.00000     0.025225704
     -6.00000     0.019421114
     -5.00000     0.015742496
     -4.00000     0.013176252
     -3.00000     0.011162970
     -2.00000    0.0094365762
     -1.00000    0.0078958212
      0.00000    0.0065169612
      1.00000    0.0053029919
      2.00000    0.0042587273
      3.00000    0.0033813851
      4.00000    0.0026594108
      5.00000    0.0020749112
      6.00000    0.0016070328
      7.00000    0.0012349759
      8.00000   0.00094008910
      9.00000   0.00070689897
      10.0000   0.00052322704
      11.0000   0.00037971231
      12.0000   0.00026908584
      13.0000   0.00018547157
      14.0000   0.00012386995
      15.0000   7.9868254e-05
      16.0000   4.9539202e-05
      17.0000   2.9451836e-05
      18.0000   1.6718264e-05
      19.0000   9.0226487e-06
      20.0000   4.6069293e-06
      21.0000   2.2125311e-06
      22.0000   9.9230580e-07
      23.0000   4.1181379e-07
      24.0000   1.5624675e-07
      25.0000   5.3309051e-08
      26.0000   1.5968061e-08
      27.0000   4.0433791e-09
      28.0000   8.1086724e-10
      29.0000   1.1368566e-10
      30.0000   8.2181148e-12
      31.0000  -1.3569252e-16
      32.0000  -1.3569285e-16
      33.0000  -1.3569555e-16
      34.0000  -1.3570654e-16
      35.0000  -1.3573856e-16
      36.0000  -1.3581355e-16
      37.0000  -1.3596235e-16
      38.0000  -1.3622922e-16
      39.0000  -1.3667210e-16
      40.0000  -1.3740996e-16
      41.0000  -1.3861350e-16
      42.0000  -1.4031519e-16
      43.0000  -1.4249704e-16
      44.0000  -1.3810578e-16
      45.0000  -1.2686515e-16
      46.0000  -1.0934621e-16
      47.0000  -9.1254985e-17
      48.0000       0.0000000
      49.0000       0.0000000
