     -50.0000     0.052887521
     -49.0000    0.0088780011
     -48.0000      0.12096178
     -47.0000      0.17193732
     -46.0000      0.24382630
     -45.0000      0.30397346
     -44.0000      0.36375376
     -43.0000      0.41777455
     -42.0000      0.46727536
     -41.0000      0.51129514
     -40.0000      0.55024195
     -39.0000      0.58471294
     -38.0000      0.61607635
     -37.0000      0.64623591
     -36.0000      0.67749125
     -35.0000      0.71210562
     -34.0000      0.75176023
     -33.0000      0.79694053
     -32.0000      0.84642236
     -31.0000      0.89701499
     -30.0000      0.94369849
     -29.0000      0.98020732
     -28.0000       1.0000000
     -27.0000      0.99744162
     -26.0000      0.96894401
     -25.0000      0.91379159
     -24.0000      0.83444280
     -23.0000      0.73622268
     -22.0000      0.62647101
     -21.0000      0.51334677
     -20.0000      0.40456721
     -19.0000      0.30635446
     -18.0000      0.22278546
     -17.0000      0.15562190
     -16.0000      0.10457188
     -15.0000     0.067840886
     -14.0000     0.042794331
     -13.0000     0.026570944
     -12.0000     0.016539210
     -11.0000     0.010556568
     -10.0000    0.0070497736
     -9.00000    0.0049684536
     -8.00000    0.0036724672
     -7.00000    0.0028045073
     -6.00000    0.0021804086
     -5.00000    0.0017100378
     -4.00000    0.0013483308
     -3.00000    0.0010694005
     -2.00000   0.00085506887
     -1.00000   0.00069079100
      0.00000   0.00056464627
      1.00000   0.00046718420
      2.00000   0.00039124918
      3.00000   0.00033161370
      4.00000   0.00028450139
      5.00000   0.00024711060
      6.00000   0.00021722484
      7.00000   0.00019295831
      8.00000   0.00017264110
      9.00000   0.00015481862
      10.0000   0.00013831624
      11.0000   0.00012231508
      12.0000   0.00010639438
      13.0000   9.0516309e-05
      14.0000   7.4949184e-05
      15.0000   6.0146137e-05
      16.0000   4.6608302e-05
      17.0000   3.4762965e-05
      18.0000   2.4879449e-05
      19.0000   1.7034080e-05
      20.0000   1.1121766e-05
      21.0000   6.9007674e-06
      22.0000   4.0528783e-06
      23.0000   2.2424755e-06
      24.0000   1.1622742e-06
      25.0000   5.6028933e-07
      26.0000   2.4890709e-07
      27.0000   1.0065766e-07
      28.0000   3.6435723e-08
      29.0000   1.1519688e-08
      30.0000   3.0584968e-09
      31.0000   6.3637521e-10
      32.0000   9.0910823e-11
      33.0000   6.4937150e-12
      34.0000   9.1283329e-17
      35.0000   9.1191212e-17
      36.0000   9.0843210e-17
      37.0000   8.9795223e-17
      38.0000   8.6975056e-17
      39.0000   8.0364947e-17
      40.0000   6.6649291e-17
      41.0000   4.1548900e-17
      42.0000   9.6785042e-19
      43.0000  -5.7296438e-17
      44.0000  -1.2153810e-16
      45.0000  -1.8495572e-16
      46.0000  -2.0381733e-16
      47.0000  -2.0649801e-16
      48.0000       0.0000000
      49.0000       0.0000000
