      0.00000     0.087400391
     0.100000      0.74824854
     0.200000      0.68373478
     0.300000      0.87303130
     0.400000      0.93115472
     0.500000      0.99179394
     0.600000      0.99999999
     0.700000      0.97801672
     0.800000      0.92453858
     0.900000      0.85065869
      1.00000      0.76437213
      1.10000      0.67441951
      1.20000      0.58740227
      1.30000      0.50802911
      1.40000      0.43883728
      1.50000      0.38060430
      1.60000      0.33280508
      1.70000      0.29414837
      1.80000      0.26302336
      1.90000      0.23782520
      2.00000      0.21714306
      2.10000      0.19983611
      2.20000      0.18503273
      2.30000      0.17208978
      2.40000      0.16054006
      2.50000      0.15004492
      2.60000      0.14035881
      2.70000      0.13130577
      2.80000      0.12276441
      2.90000      0.11465740
      3.00000      0.10694233
      3.10000     0.099602602
      3.20000     0.092638292
      3.30000     0.086057627
      3.40000     0.079869967
      3.50000     0.074080842
      3.60000     0.068689144
      3.70000     0.063686218
      3.80000     0.059056333
      3.90000     0.054778018
      4.00000     0.050825830
      4.10000     0.047172253
      4.20000     0.043789506
      4.30000     0.040651143
      4.40000     0.037733269
      4.50000     0.035015302
      4.60000     0.032480215
      4.70000     0.030114275
      4.80000     0.027906401
      4.90000     0.025847332
      5.00000     0.023928805
      5.10000     0.022142921
      5.20000     0.020481785
      5.30000     0.018937436
      5.40000     0.017501978
      5.50000     0.016167803
      5.60000     0.014927796
      5.70000     0.013775458
      5.80000     0.012704928
      5.90000     0.011710913
      6.00000     0.010788588
      6.10000    0.0099334839
      6.20000    0.0091413861
      6.30000    0.0084082596
      6.40000    0.0077301901
      6.50000    0.0071033443
      6.60000    0.0065239508
      6.70000    0.0059883086
      6.80000    0.0054928304
      6.90000    0.0050341177
      7.00000    0.0046090582
      7.10000    0.0042149315
      7.20000    0.0038494986
      7.30000    0.0035110514
      7.40000    0.0031984024
      7.50000    0.0029108001
      7.60000    0.0026477719
      7.70000    0.0024089097
      7.80000    0.0021936328
      7.90000    0.0020009718
      8.00000    0.0018294245
      8.10000    0.0016769188
      8.20000    0.0015409003
      8.30000    0.0014185336
      8.40000    0.0013069786
      8.50000    0.0012036806
      8.60000    0.0011066180
      8.70000    0.0010144346
      8.80000   0.00092648945
      8.90000   0.00084266161
      9.00000   0.00076337454
      9.10000   0.00068876823
      9.20000   0.00062000914
      9.30000   0.00055510821
      9.40000   0.00049933656
      9.50000   0.00043777668
      9.60000   0.00040712331
      9.70000   0.00030822193
      9.80000   0.00039637365
      9.90000       0.0000000
