      0.00000       1.0000000
     0.500000      0.12370687
      1.00000      0.37444227
      1.50000      0.19910625
      2.00000      0.19312101
      2.50000      0.13180635
      3.00000      0.10211231
      3.50000     0.071130666
      4.00000     0.050728158
      4.50000     0.035065035
      5.00000     0.024710280
      5.50000     0.017736228
      6.00000     0.013322064
      6.50000     0.010504800
      7.00000    0.0086945881
      7.50000    0.0074571331
      8.00000    0.0065403304
      8.50000    0.0057974965
      9.00000    0.0051557590
      9.50000    0.0045811979
      10.0000    0.0040603905
      10.5000    0.0035884288
      11.0000    0.0031633733
      11.5000    0.0027836525
      12.0000    0.0024471927
      12.5000    0.0021512318
      13.0000    0.0018924249
      13.5000    0.0016670280
      14.0000    0.0014710961
      14.5000    0.0013006722
      15.0000    0.0011519589
      15.5000    0.0010214683
      16.0000   0.00090614342
      16.5000   0.00080344034
      17.0000   0.00071136121
      17.5000   0.00062843116
      18.0000   0.00055362478
      18.5000   0.00048625619
      19.0000   0.00042585349
      19.5000   0.00037204039
      20.0000   0.00032444355
      20.5000   0.00028263641
      21.0000   0.00024612098
      21.5000   0.00021434162
      22.0000   0.00018671906
      22.5000   0.00016269132
      23.0000   0.00014174994
      23.5000   0.00012346331
      24.0000   0.00010748371
      24.5000   9.3539553e-05
      25.0000   8.1417389e-05
      25.5000   7.0939703e-05
      26.0000   6.1944548e-05
      26.5000   5.4271596e-05
      27.0000   4.7756418e-05
      27.5000   4.2232481e-05
      28.0000   3.7538674e-05
      28.5000   3.3528819e-05
      29.0000   3.0079537e-05
      29.5000   2.7094045e-05
      30.0000   2.4500931e-05
      30.5000   2.2248295e-05
      31.0000   2.0295206e-05
      31.5000   1.8603137e-05
      32.0000   1.7129663e-05
      32.5000   1.5825879e-05
      33.0000   1.4638034e-05
      33.5000   1.3512483e-05
      34.0000   1.2402232e-05
      34.5000   1.1273166e-05
      35.0000   1.0108351e-05
      35.5000   8.9092774e-06
      36.0000   7.6939208e-06
      36.5000   6.4921841e-06
      37.0000   5.3398124e-06
      37.5000   4.2720134e-06
      38.0000   3.3180219e-06
      38.5000   2.4974048e-06
      39.0000   1.8184698e-06
      39.5000   1.2786860e-06
      40.0000   8.6667254e-07
      40.5000   5.6506322e-07
      41.0000   3.5358373e-07
      41.5000   2.1177755e-07
      42.0000   1.2102619e-07
      42.5000   6.5735654e-08
      43.0000   3.3770260e-08
      43.5000   1.6308009e-08
      44.0000   7.3438543e-09
      44.5000   3.0507850e-09
      45.0000   1.1518188e-09
      45.5000   3.8690125e-10
      46.0000   1.1187019e-10
      46.5000   2.6251121e-11
      47.0000   4.4424897e-12
      47.5000   4.0385174e-13
      48.0000  -2.6612934e-18
      48.5000   6.4988883e-18
      49.0000       0.0000000
      49.5000       0.0000000
