     -23.0000       0.0000000
     -22.5000     0.041408864
     -22.0000     0.038825207
     -21.5000     0.052556607
     -21.0000     0.059343640
     -20.5000     0.067805173
     -20.0000     0.074597563
     -19.5000     0.081070728
     -19.0000     0.086922130
     -18.5000     0.092562269
     -18.0000     0.098165247
     -17.5000      0.10397758
     -17.0000      0.11016160
     -16.5000      0.11683204
     -16.0000      0.12403750
     -15.5000      0.13177654
     -15.0000      0.14000727
     -14.5000      0.14865883
     -14.0000      0.15763748
     -13.5000      0.16682930
     -13.0000      0.17610196
     -12.5000      0.18531000
     -12.0000      0.19430574
     -11.5000      0.20295533
     -11.0000      0.21115688
     -10.5000      0.21885608
     -10.0000      0.22605566
     -9.50000      0.23282001
     -9.00000      0.23928218
     -8.50000      0.24566533
     -8.00000      0.25233340
     -7.50000      0.25987923
     -7.00000      0.26924280
     -6.50000      0.28183022
     -6.00000      0.29957905
     -5.50000      0.32489569
     -5.00000      0.36039805
     -4.50000      0.40843459
     -4.00000      0.47041488
     -3.50000      0.54606888
     -3.00000      0.63283615
     -2.50000      0.72560587
     -2.00000      0.81698180
     -1.50000      0.89813684
     -1.00000      0.96016115
    -0.500000      0.99562629
      0.00000       1.0000000
     0.500000      0.97255780
      1.00000      0.91654483
      1.50000      0.83853194
      2.00000      0.74714729
      2.50000      0.65151086
      3.00000      0.55974637
      3.50000      0.47789553
      4.00000      0.40942204
      4.50000      0.35529779
      5.00000      0.31452727
      5.50000      0.28489418
      6.00000      0.26370830
      6.50000      0.24838588
      7.00000      0.23679593
      7.50000      0.22738176
      8.00000      0.21911735
      8.50000      0.21137877
      9.00000      0.20380285
      9.50000      0.19617545
      10.0000      0.18836506
      10.5000      0.18029683
      11.0000      0.17195004
      11.5000      0.16336102
      12.0000      0.15461918
      12.5000      0.14585135
      13.0000      0.13719731
      13.5000      0.12878373
      14.0000      0.12070372
      14.5000      0.11300685
      15.0000      0.10570050
      15.5000     0.098759496
      16.0000     0.092138588
      16.5000     0.085783321
      17.0000     0.079636763
      17.5000     0.073642250
      18.0000     0.067744488
      18.5000     0.061892097
      19.0000     0.056043594
      19.5000     0.050176496
      20.0000     0.044297256
      20.5000     0.038448531
      21.0000     0.032710313
      21.5000     0.027193055
      22.0000     0.022023047
      22.5000     0.017323711
      23.0000     0.013193803
      23.5000    0.0096964935
      24.0000    0.0068319051
      24.5000    0.0045869745
      25.0000    0.0027851359
      25.5000    0.0015463402
      26.0000       0.0000000
      26.5000       0.0000000
