      0.00000       1.0000000
     0.500000      0.14410569
      1.00000      0.47081282
      1.50000      0.35208215
      2.00000      0.41275283
      2.50000      0.41773885
      3.00000      0.45774738
      3.50000      0.49738344
      4.00000      0.54739723
      4.50000      0.59944539
      5.00000      0.65145799
      5.50000      0.69860368
      6.00000      0.73735596
      6.50000      0.76450835
      7.00000      0.77798399
      7.50000      0.77679519
      8.00000      0.76113891
      8.50000      0.73225825
      9.00000      0.69223771
      9.50000      0.64371527
      10.0000      0.58957555
      10.5000      0.53265926
      11.0000      0.47552604
      11.5000      0.42029114
      12.0000      0.36854234
      12.5000      0.32132965
      13.0000      0.27921155
      13.5000      0.24233718
      14.0000      0.21054446
      14.5000      0.18345798
      15.0000      0.16057603
      15.5000      0.14134100
      16.0000      0.12519182
      16.5000      0.11159978
      17.0000      0.10009028
      17.5000     0.090253760
      18.0000     0.081748441
      18.5000     0.074297546
      19.0000     0.067682876
      19.5000     0.061736408
      20.0000     0.056331219
      20.5000     0.051372728
      21.0000     0.046791008
      21.5000     0.042534599
      22.0000     0.038565942
      22.5000     0.034858230
      23.0000     0.031393297
      23.5000     0.028160020
      24.0000     0.025152768
      24.5000     0.022369631
      25.0000     0.019810394
      25.5000     0.017474440
      26.0000     0.015358939
      26.5000     0.013457633
      27.0000     0.011760448
      27.5000     0.010253916
      28.0000    0.0089222446
      28.5000    0.0077486894
      29.0000    0.0067168795
      29.5000    0.0058118123
      30.0000    0.0050203536
      30.5000    0.0043312289
      31.0000    0.0037346296
      31.5000    0.0032216214
      32.0000    0.0027835572
      32.5000    0.0024116656
      33.0000    0.0020969187
      33.5000    0.0018301885
      34.0000    0.0016026273
      34.5000    0.0014061561
      35.0000    0.0012339231
      35.5000    0.0010806051
      36.0000   0.00094248158
      36.5000   0.00081727856
      37.0000   0.00070383310
      37.5000   0.00060166981
      38.0000   0.00051059673
      38.5000   0.00043039930
      39.0000   0.00036066640
      39.5000   0.00030074492
      40.0000   0.00024978657
      40.5000   0.00020683374
      41.0000   0.00017090106
      41.5000   0.00014103170
      42.0000   0.00011632458
      42.5000   9.5941862e-05
      43.0000   7.9112887e-05
      43.5000   6.5145264e-05
      44.0000   5.3442595e-05
      44.5000   4.3522504e-05
      45.0000   3.5026066e-05
      45.5000   2.7713499e-05
      46.0000   2.1436885e-05
      46.5000   1.6117143e-05
      47.0000   1.1667516e-05
      47.5000   8.0672746e-06
      48.0000   5.0253216e-06
      48.5000   2.8606162e-06
      49.0000       0.0000000
      49.5000       0.0000000
