      0.00000       1.0000000
     0.500000      0.37585098
      1.00000      0.49026034
      1.50000      0.32885072
      2.00000      0.28222295
      2.50000      0.20514001
      3.00000      0.15475985
      3.50000      0.10977183
      4.00000     0.077408894
      4.50000     0.053127993
      5.00000     0.036354266
      5.50000     0.024895743
      6.00000     0.017365023
      6.50000     0.012441436
      7.00000    0.0092160986
      7.50000    0.0070392841
      8.00000    0.0055053226
      8.50000    0.0043680603
      9.00000    0.0034886409
      9.50000    0.0027892986
      10.0000    0.0022256706
      10.5000    0.0017699076
      11.0000    0.0014023079
      11.5000    0.0011073883
      12.0000   0.00087228204
      12.5000   0.00068607573
      13.0000   0.00053950161
      13.5000   0.00042473663
      14.0000   0.00033523954
      14.5000   0.00026560626
      15.0000   0.00021143503
      15.5000   0.00016919610
      16.0000   0.00013610494
      16.5000   0.00011000026
      17.0000   8.9229260e-05
      17.5000   7.2543289e-05
      18.0000   5.9006868e-05
      18.5000   4.7922215e-05
      19.0000   3.8769553e-05
      19.5000   3.1162002e-05
      20.0000   2.4812371e-05
      20.5000   1.9508370e-05
      21.0000   1.5093147e-05
      21.5000   1.1448997e-05
      22.0000   8.4833174e-06
      22.5000   6.1170391e-06
      23.0000   4.2762083e-06
      23.5000   2.8872081e-06
      24.0000   1.8755653e-06
      24.5000   1.1675929e-06
      25.0000   6.9360506e-07
      25.5000   3.9134772e-07
      26.0000   2.0860581e-07
      26.5000   1.0439432e-07
      27.0000   4.8674281e-08
      27.5000   2.0941171e-08
      28.0000   8.2091597e-09
      28.5000   2.8824497e-09
      29.0000   8.8455036e-10
      29.5000   2.2828743e-10
      30.0000   4.6474506e-11
      30.5000   6.6390906e-12
      31.0000   5.1056516e-13
      31.5000  -1.4530080e-16
      32.0000  -1.4530080e-16
      32.5000  -1.4530080e-16
      33.0000  -1.4530080e-16
      33.5000  -1.4530080e-16
      34.0000  -1.4530080e-16
      34.5000  -1.4530080e-16
      35.0000  -1.4530080e-16
      35.5000  -1.4530080e-16
      36.0000  -1.4530080e-16
      36.5000  -1.4530080e-16
      37.0000  -1.4530080e-16
      37.5000  -1.4530080e-16
      38.0000  -1.4530080e-16
      38.5000  -1.4530080e-16
      39.0000  -1.4530080e-16
      39.5000  -1.4530080e-16
      40.0000  -1.4530080e-16
      40.5000  -1.4530080e-16
      41.0000  -1.4530071e-16
      41.5000  -1.4529995e-16
      42.0000  -1.4529588e-16
      42.5000  -1.4528002e-16
      43.0000  -1.4523031e-16
      43.5000  -1.4510004e-16
      44.0000  -1.4481378e-16
      44.5000  -1.4426945e-16
      45.0000  -1.4325668e-16
      45.5000  -1.4148764e-16
      46.0000  -1.3857689e-16
      46.5000  -1.3422798e-16
      47.0000  -1.2763989e-16
      47.5000  -1.1925884e-16
      48.0000  -9.5705754e-17
      48.5000  -7.3375030e-17
      49.0000       0.0000000
      49.5000       0.0000000
