     -50.0000   0.00014679627
     -49.0000   0.00029359254
     -48.0000   0.00059648982
     -47.0000   0.00087377900
     -46.0000    0.0012171476
     -45.0000    0.0016238237
     -44.0000    0.0021247120
     -43.0000    0.0027418686
     -42.0000    0.0035048833
     -41.0000    0.0044481781
     -40.0000    0.0056152397
     -39.0000    0.0070611583
     -38.0000    0.0088560478
     -37.0000     0.011088383
     -36.0000     0.013868367
     -35.0000     0.017331191
     -34.0000     0.021640154
     -33.0000     0.026989701
     -32.0000     0.033608548
     -31.0000     0.041763209
     -30.0000     0.051762403
     -29.0000     0.063962772
     -28.0000     0.078776159
     -27.0000     0.096677937
     -26.0000      0.11821458
     -25.0000      0.14400684
     -24.0000      0.17474268
     -23.0000      0.21115194
     -22.0000      0.25395373
     -21.0000      0.30376894
     -20.0000      0.36099387
     -19.0000      0.42563944
     -18.0000      0.49715132
     -17.0000      0.57423870
     -16.0000      0.65474997
     -15.0000      0.73563805
     -14.0000      0.81305328
     -13.0000      0.88258402
     -12.0000      0.93963877
     -11.0000      0.97993127
     -10.0000      0.99999997
     -9.00000      0.99767561
     -8.00000      0.97241091
     -7.00000      0.92540689
     -6.00000      0.85950638
     -5.00000      0.77887057
     -4.00000      0.68849547
     -3.00000      0.59365168
     -2.00000      0.49933888
     -1.00000      0.40983540
      0.00000      0.32839605
      1.00000      0.25711809
      2.00000      0.19696541
      3.00000      0.14791748
      4.00000      0.10919703
      5.00000     0.079529442
      6.00000     0.057393520
      7.00000     0.041233305
      8.00000     0.029614043
      9.00000     0.021317302
      10.0000     0.015380046
      11.0000     0.011089111
      12.0000    0.0079463255
      13.0000    0.0056195515
      14.0000    0.0038924397
      15.0000    0.0026216177
      16.0000    0.0017055805
      17.0000    0.0010655170
      18.0000   0.00063575632
      19.0000   0.00036043276
      20.0000   0.00019314649
      21.0000   9.7277565e-05
      22.0000   4.5747276e-05
      23.0000   1.9929802e-05
      24.0000   7.9626807e-06
      25.0000   2.8791122e-06
      26.0000   9.2496777e-07
      27.0000   2.5701608e-07
      28.0000   5.9188257e-08
      29.0000   1.0492293e-08
      30.0000   1.2401351e-09
      31.0000   6.7643928e-11
      32.0000   2.0643244e-16
      33.0000   2.0643788e-16
      34.0000   2.0645799e-16
      35.0000   2.0650822e-16
      36.0000   2.0660287e-16
      37.0000   2.0673784e-16
      38.0000   2.0688615e-16
      39.0000   2.0699508e-16
      40.0000   2.0690211e-16
      41.0000   2.0636180e-16
      42.0000   2.0337842e-16
      43.0000   1.9600438e-16
      44.0000   1.7847868e-16
      45.0000   1.5107996e-16
      46.0000   8.9969717e-17
      47.0000   3.1261552e-17
      48.0000       0.0000000
      49.0000       0.0000000
