     -23.0000       0.0000000
     -22.5000     0.019448853
     -22.0000    0.0099270989
     -21.5000     0.011588986
     -21.0000    0.0091657440
     -20.5000    0.0085813979
     -20.0000    0.0076346480
     -19.5000    0.0072115287
     -19.0000    0.0069914489
     -18.5000    0.0070881248
     -18.0000    0.0074218229
     -17.5000    0.0079625734
     -17.0000    0.0086429902
     -16.5000    0.0093998741
     -16.0000     0.010167622
     -15.5000     0.010889384
     -15.0000     0.011518969
     -14.5000     0.012022762
     -14.0000     0.012378140
     -13.5000     0.012570813
     -13.0000     0.012592113
     -12.5000     0.012437883
     -12.0000     0.012109532
     -11.5000     0.011617143
     -11.0000     0.010983994
     -10.5000     0.010252285
     -10.0000    0.0094920262
     -9.50000    0.0088187086
     -9.00000    0.0084297872
     -8.50000    0.0086729491
     -8.00000     0.010156693
     -7.50000     0.013901576
     -7.00000     0.021508220
     -6.50000     0.035288021
     -6.00000     0.058272424
     -5.50000     0.094005181
     -5.00000      0.14604761
     -4.50000      0.21719235
     -4.00000      0.30848169
     -3.50000      0.41824192
     -3.00000      0.54142372
     -2.50000      0.66953355
     -2.00000      0.79134058
     -1.50000      0.89435783
     -1.00000      0.96685969
    -0.500000       1.0000000
      0.00000      0.98952227
     0.500000      0.93662166
      1.00000      0.84772280
      1.50000      0.73322829
      2.00000      0.60557053
      2.50000      0.47705374
      3.00000      0.35798622
      3.50000      0.25547871
      4.00000      0.17306121
      4.50000      0.11103568
      5.00000     0.067323797
      5.50000     0.038505564
      6.00000     0.020773480
      6.50000     0.010627493
      7.00000    0.0052567023
      7.50000    0.0026451989
      8.00000    0.0014901954
      8.50000    0.0010314721
      9.00000   0.00086978890
      9.50000   0.00081751906
      10.0000   0.00079611479
      10.5000   0.00077632599
      11.0000   0.00074849440
      11.5000   0.00071003352
      12.0000   0.00066111382
      12.5000   0.00060340820
      13.0000   0.00053955732
      13.5000   0.00047267026
      14.0000   0.00040584178
      14.5000   0.00034176981
      15.0000   0.00028252963
      15.5000   0.00022950431
      16.0000   0.00018343264
      16.5000   0.00014452038
      17.0000   0.00011256632
      17.5000   8.7071091e-05
      18.0000   6.7322300e-05
      18.5000   5.2464341e-05
      19.0000   4.1564973e-05
      19.5000   3.3684959e-05
      20.0000   2.7949826e-05
      20.5000   2.3613918e-05
      21.0000   2.0104735e-05
      21.5000   1.7039155e-05
      22.0000   1.4210192e-05
      22.5000   1.1550352e-05
      23.0000   9.0804560e-06
      23.5000   6.8628046e-06
      24.0000   4.9464395e-06
      24.5000   3.3780957e-06
      25.0000   2.0741551e-06
      25.5000   1.1596733e-06
      26.0000       0.0000000
      26.5000       0.0000000
