      0.00000      0.42659767
     0.100000     0.018171503
     0.200000      0.14316988
     0.300000     0.066154342
     0.400000     0.068901003
     0.500000     0.044866646
     0.600000     0.035198497
     0.700000     0.024308373
     0.800000     0.017884812
     0.900000     0.013252508
      1.00000     0.010791620
      1.10000    0.0096961191
      1.20000    0.0096736296
      1.30000     0.010346453
      1.40000     0.011495095
      1.50000     0.012955973
      1.60000     0.014636463
      1.70000     0.016480829
      1.80000     0.018457552
      1.90000     0.020545173
      2.00000     0.022726329
      2.10000     0.024985359
      2.20000     0.027309322
      2.30000     0.029690374
      2.40000     0.032128371
      2.50000     0.034632871
      2.60000     0.037224184
      2.70000     0.039933426
      2.80000     0.042801844
      2.90000     0.045879758
      3.00000     0.049225252
      3.10000     0.052902657
      3.20000     0.056980643
      3.30000     0.061529484
      3.40000     0.066617003
      3.50000     0.072303127
      3.60000     0.078633277
      3.70000     0.085631405
      3.80000     0.093294377
      3.90000      0.10159003
      4.00000      0.11046104
      4.10000      0.11983646
      4.20000      0.12965154
      4.30000      0.13987415
      4.40000      0.15053375
      4.50000      0.16174702
      4.60000      0.17373306
      4.70000      0.18681196
      4.80000      0.20138324
      4.90000      0.21788528
      5.00000      0.23674169
      5.10000      0.25830417
      5.20000      0.28280379
      5.30000      0.31032018
      5.40000      0.34077417
      5.50000      0.37394352
      5.60000      0.40949533
      5.70000      0.44702565
      5.80000      0.48609653
      5.90000      0.52626361
      6.00000      0.56709188
      6.10000      0.60816113
      6.20000      0.64906594
      6.30000      0.68941380
      6.40000      0.72882412
      6.50000      0.76692805
      6.60000      0.80336748
      6.70000      0.83779173
      6.80000      0.86985213
      6.90000      0.89919630
      7.00000      0.92546540
      7.10000      0.94829760
      7.20000      0.96733943
      7.30000      0.98226437
      7.40000      0.99279729
      7.50000      0.99874070
      7.60000       1.0000000
      7.70000      0.99660486
      7.80000      0.98872327
      7.90000      0.97666645
      8.00000      0.96088156
      8.10000      0.94193105
      8.20000      0.92045800
      8.30000      0.89713863
      8.40000      0.87262846
      8.50000      0.84750136
      8.60000      0.82220249
      8.70000      0.79698428
      8.80000      0.77193029
      8.90000      0.74681213
      9.00000      0.72146747
      9.10000      0.69491043
      9.20000      0.66787086
      9.30000      0.63643705
      9.40000      0.60908687
      9.50000      0.56241999
      9.60000      0.55749714
      9.70000      0.43512875
      9.80000      0.61436987
      9.90000       0.0000000
