      0.00000   0.00018437322
     0.500000   0.00079895061
      1.00000     0.055023274
      1.50000     0.093110936
      2.00000      0.14401032
      2.50000      0.19957685
      3.00000      0.26429515
      3.50000      0.33681949
      4.00000      0.41663111
      4.50000      0.50163891
      5.00000      0.58920419
      5.50000      0.67603874
      6.00000      0.75859573
      6.50000      0.83333090
      7.00000      0.89701271
      7.50000      0.94697566
      8.00000      0.98131905
      8.50000      0.99902611
      9.00000       1.0000000
      9.50000      0.98501769
      10.0000      0.95561136
      10.5000      0.91389437
      11.0000      0.86235332
      11.5000      0.80363118
      12.0000      0.74032604
      12.5000      0.67482600
      13.0000      0.60919372
      13.5000      0.54510491
      14.0000      0.48383638
      14.5000      0.42629259
      15.0000      0.37305653
      15.5000      0.32445085
      16.0000      0.28059856
      16.5000      0.24147631
      17.0000      0.20695775
      17.5000      0.17684656
      18.0000      0.15090044
      18.5000      0.12884737
      19.0000      0.11039511
      19.5000     0.095235234
      20.0000     0.083042899
      20.5000     0.073474533
      21.0000     0.066165826
      21.5000     0.060732707
      22.0000     0.056777229
      22.5000     0.053899213
      23.0000     0.051712959
      23.5000     0.049866943
      24.0000     0.048063434
      24.5000     0.046074716
      25.0000     0.043753032
      25.5000     0.041032469
      26.0000     0.037922433
      26.5000     0.034493812
      27.0000     0.030860098
      27.5000     0.027156418
      28.0000     0.023519481
      28.5000     0.020070970
      29.0000     0.016906035
      29.5000     0.014087500
      30.0000     0.011645374
      30.5000    0.0095805375
      31.0000    0.0078710987
      31.5000    0.0064798197
      32.0000    0.0053613214
      32.5000    0.0044681596
      33.0000    0.0037553190
      33.5000    0.0031830492
      34.0000    0.0027182420
      34.5000    0.0023346806
      35.0000    0.0020125200
      35.5000    0.0017373303
      36.0000    0.0014989730
      36.5000    0.0012904981
      37.0000    0.0011071814
      37.5000   0.00094576504
      38.0000   0.00080390629
      38.5000   0.00067980787
      39.0000   0.00057198385
      39.5000   0.00047911480
      40.0000   0.00039995404
      40.5000   0.00033326262
      41.0000   0.00027776683
      41.5000   0.00023213903
      42.0000   0.00019500383
      42.5000   0.00016496862
      43.0000   0.00014067258
      43.5000   0.00012084384
      44.0000   0.00010435277
      44.5000   9.0254851e-05
      45.0000   7.7809049e-05
      45.5000   6.6489761e-05
      46.0000   5.5935371e-05
      46.5000   4.5993057e-05
      47.0000   3.6447387e-05
      47.5000   2.7560500e-05
      48.0000   1.8451843e-05
      48.5000   1.1250084e-05
      49.0000       0.0000000
      49.5000       0.0000000
