     -23.0000       0.0000000
     -22.5000   0.00060928561
     -22.0000   0.00038915029
     -21.5000   0.00048922496
     -21.0000   0.00047192433
     -20.5000   0.00050625955
     -20.0000   0.00052813340
     -19.5000   0.00056180705
     -19.0000   0.00059703253
     -18.5000   0.00063639620
     -18.0000   0.00067759022
     -17.5000   0.00072101445
     -17.0000   0.00076887421
     -16.5000   0.00083044005
     -16.0000   0.00093073238
     -15.5000    0.0011277020
     -15.0000    0.0015404924
     -14.5000    0.0023912880
     -14.0000    0.0040594870
     -13.5000    0.0071417738
     -13.0000     0.012505446
     -12.5000     0.021316801
     -12.0000     0.035024036
     -11.5000     0.055278515
     -11.0000     0.083788714
     -10.5000      0.12211488
     -10.0000      0.17142785
     -9.50000      0.23226788
     -9.00000      0.30434158
     -8.50000      0.38638891
     -8.00000      0.47614388
     -7.50000      0.57039914
     -7.00000      0.66517088
     -6.50000      0.75595350
     -6.00000      0.83804901
     -5.50000      0.90694448
     -5.00000      0.95870145
     -4.50000      0.99031573
     -4.00000       1.0000000
     -3.50000      0.98734416
     -3.00000      0.95332880
     -2.50000      0.90019481
     -2.00000      0.83119315
     -1.50000      0.75025989
     -1.00000      0.66166952
    -0.500000      0.56970830
      0.00000      0.47839263
     0.500000      0.39124346
      1.00000      0.31111827
      1.50000      0.24009810
      2.00000      0.17943290
      2.50000      0.12955152
      3.00000     0.090140182
      3.50000     0.060283424
      4.00000     0.038651336
      4.50000     0.023705302
      5.00000     0.013890566
      5.50000    0.0077885909
      6.00000    0.0042137320
      6.50000    0.0022520061
      7.00000    0.0012518244
      7.50000   0.00078354636
      8.00000   0.00058562534
      8.50000   0.00051147313
      9.00000   0.00048572733
      9.50000   0.00047301131
      10.0000   0.00045829534
      10.5000   0.00043603471
      11.0000   0.00040494110
      11.5000   0.00036577939
      12.0000   0.00032048926
      12.5000   0.00027172812
      13.0000   0.00022246505
      13.5000   0.00017555544
      14.0000   0.00013335471
      14.5000   9.7446671e-05
      15.0000   6.8536683e-05
      15.5000   4.6513760e-05
      16.0000   3.0640708e-05
      16.5000   1.9808515e-05
      17.0000   1.2789924e-05
      17.5000   8.4401662e-06
      18.0000   5.8187197e-06
      18.5000   4.2337938e-06
      19.0000   3.2279623e-06
      19.5000   2.5299652e-06
      20.0000   1.9967076e-06
      20.5000   1.5620602e-06
      21.0000   1.1994374e-06
      21.5000   8.9873299e-07
      22.0000   6.5463136e-07
      22.5000   4.6201649e-07
      23.0000   3.1481092e-07
      23.5000   2.0620175e-07
      24.0000   1.2904780e-07
      24.5000   7.6643575e-08
      25.0000   4.1672994e-08
      25.5000   2.0697396e-08
      26.0000       0.0000000
      26.5000       0.0000000
