     -50.0000      0.37190205
     -49.0000      0.35211346
     -48.0000      0.46244390
     -47.0000      0.52235175
     -46.0000      0.60007828
     -45.0000      0.66840599
     -44.0000      0.73626847
     -43.0000      0.79846179
     -42.0000      0.85496679
     -41.0000      0.90372841
     -40.0000      0.94359424
     -39.0000      0.97336664
     -38.0000      0.99230095
     -37.0000       1.0000000
     -36.0000      0.99648112
     -35.0000      0.98212522
     -34.0000      0.95763157
     -33.0000      0.92394777
     -32.0000      0.88220308
     -31.0000      0.83364789
     -30.0000      0.77960644
     -29.0000      0.72144168
     -28.0000      0.66052897
     -27.0000      0.59823230
     -26.0000      0.53587734
     -25.0000      0.47471768
     -24.0000      0.41589430
     -23.0000      0.36039231
     -22.0000      0.30900126
     -21.0000      0.26228641
     -20.0000      0.22057629
     -19.0000      0.18396950
     -18.0000      0.15235935
     -17.0000      0.12547217
     -16.0000      0.10291310
     -15.0000     0.084212894
     -14.0000     0.068870292
     -13.0000     0.056386511
     -12.0000     0.046290427
     -11.0000     0.038154740
     -10.0000     0.031604502
     -9.00000     0.026319804
     -8.00000     0.022034394
     -7.00000     0.018531695
     -6.00000     0.015639308
     -5.00000     0.013222829
     -4.00000     0.011179561
     -3.00000    0.0094325314
     -2.00000    0.0079250982
     -1.00000    0.0066162889
      0.00000    0.0054768884
      1.00000    0.0044861968
      2.00000    0.0036293561
      3.00000    0.0028951416
      4.00000    0.0022741667
      5.00000    0.0017575142
      6.00000    0.0013358248
      7.00000   0.00099886432
      8.00000   0.00073554258
      9.00000   0.00053429403
      10.0000   0.00038366846
      11.0000   0.00027296210
      12.0000   0.00019274043
      13.0000   0.00013515473
      14.0000   9.4022729e-05
      15.0000   6.4706441e-05
      16.0000   4.3858358e-05
      17.0000   2.9116835e-05
      18.0000   1.8818258e-05
      19.0000   1.1766810e-05
      20.0000   7.0749527e-06
      21.0000   4.0659714e-06
      22.0000   2.2199965e-06
      23.0000   1.1442004e-06
      24.0000   5.5271641e-07
      25.0000   2.4813151e-07
      26.0000   1.0242734e-07
      27.0000   3.8325089e-08
      28.0000   1.2741081e-08
      29.0000   3.6523487e-09
      30.0000   8.5689634e-10
      31.0000   1.4749763e-10
      32.0000   1.4046390e-11
      33.0000  -1.1090825e-15
      34.0000  -1.1090629e-15
      35.0000  -1.1089959e-15
      36.0000  -1.1088238e-15
      37.0000  -1.1084678e-15
      38.0000  -1.1078265e-15
      39.0000  -1.1067939e-15
      40.0000  -1.1045383e-15
      41.0000  -1.0995232e-15
      42.0000  -1.0870225e-15
      43.0000  -1.0623931e-15
      44.0000  -1.0169123e-15
      45.0000  -9.5233975e-16
      46.0000  -8.2804649e-16
      47.0000  -7.1142334e-16
      48.0000       0.0000000
      49.0000       0.0000000
