      0.00000     0.042171234
     0.500000       1.0000000
      1.00000      0.59203002
      1.50000      0.70388977
      2.00000      0.61425912
      2.50000      0.59728827
      3.00000      0.54749823
      3.50000      0.50489818
      4.00000      0.45463831
      4.50000      0.40353276
      5.00000      0.35076466
      5.50000      0.29887083
      6.00000      0.24925970
      6.50000      0.20360506
      7.00000      0.16303358
      7.50000      0.12824808
      8.00000     0.099415892
      8.50000     0.076266807
      9.00000     0.058200279
      9.50000     0.044433085
      10.0000     0.034130005
      10.5000     0.026505321
      11.0000     0.020882932
      11.5000     0.016719589
      12.0000     0.013600928
      12.5000     0.011222620
      13.0000    0.0093668238
      13.5000    0.0078804459
      14.0000    0.0066578643
      14.5000    0.0056281225
      15.0000    0.0047453953
      15.5000    0.0039814861
      16.0000    0.0033196164
      16.5000    0.0027493292
      17.0000    0.0022626683
      17.5000    0.0018517943
      18.0000    0.0015079944
      18.5000    0.0012217922
      19.0000   0.00098369796
      19.5000   0.00078510298
      20.0000   0.00061893712
      20.5000   0.00047990075
      21.0000   0.00036427537
      21.5000   0.00026945288
      22.0000   0.00019338510
      22.5000   0.00013412694
      23.0000   8.9573557e-05
      23.5000   5.7405610e-05
      24.0000   3.5193359e-05
      24.5000   2.0575765e-05
      25.0000   1.1436353e-05
      25.5000   6.0234130e-06
      26.0000   2.9957167e-06
      26.5000   1.4014137e-06
      27.0000   6.1386701e-07
      27.5000   2.5038725e-07
      28.0000   9.4415976e-08
      28.5000   3.2577863e-08
      29.0000   1.0126875e-08
      29.5000   2.7628640e-09
      30.0000   6.3089030e-10
      30.5000   1.0877431e-10
      31.0000   1.0877558e-11
      31.5000   1.4100100e-16
      32.0000   1.4100100e-16
      32.5000   1.4100100e-16
      33.0000   1.4100100e-16
      33.5000   1.4100100e-16
      34.0000   1.4100100e-16
      34.5000   1.4100100e-16
      35.0000   1.4100100e-16
      35.5000   1.4100100e-16
      36.0000   1.4100100e-16
      36.5000   1.4100100e-16
      37.0000   1.4100100e-16
      37.5000   1.4100100e-16
      38.0000   1.4100100e-16
      38.5000   1.4100100e-16
      39.0000   1.4100100e-16
      39.5000   1.4100100e-16
      40.0000   1.4100100e-16
      40.5000   1.4100100e-16
      41.0000   1.4100089e-16
      41.5000   1.4099995e-16
      42.0000   1.4099456e-16
      42.5000   1.4097247e-16
      43.0000   1.4090660e-16
      43.5000   1.4074904e-16
      44.0000   1.4042841e-16
      44.5000   1.3985644e-16
      45.0000   1.3888207e-16
      45.5000   1.3731626e-16
      46.0000   1.3480834e-16
      46.5000   1.3108168e-16
      47.0000   1.2222351e-16
      47.5000   1.0857268e-16
      48.0000   6.4697490e-17
      48.5000   2.1856198e-17
      49.0000       0.0000000
      49.5000       0.0000000
