      0.00000     0.029221108
     0.100000      0.23466952
     0.200000      0.46725076
     0.300000      0.65881857
     0.400000      0.82061538
     0.500000      0.93018674
     0.600000      0.99008696
     0.700000       1.0000000
     0.800000      0.96863344
     0.900000      0.90611873
      1.00000      0.82474217
      1.10000      0.73597088
      1.20000      0.64960501
      1.30000      0.57275052
      1.40000      0.50969180
      1.50000      0.46208872
      1.60000      0.42953457
      1.70000      0.41021138
      1.80000      0.40153708
      1.90000      0.40069555
      2.00000      0.40501668
      2.10000      0.41220531
      2.20000      0.42044724
      2.30000      0.42842690
      2.40000      0.43528948
      2.50000      0.44057234
      2.60000      0.44412139
      2.70000      0.44600223
      2.80000      0.44641277
      2.90000      0.44560343
      3.00000      0.44381119
      3.10000      0.44121326
      3.20000      0.43790443
      3.30000      0.43389823
      3.40000      0.42914791
      3.50000      0.42357975
      3.60000      0.41712914
      3.70000      0.40977012
      3.80000      0.40153196
      3.90000      0.39250025
      4.00000      0.38280405
      4.10000      0.37259414
      4.20000      0.36201875
      4.30000      0.35120315
      4.40000      0.34023708
      4.50000      0.32917178
      4.60000      0.31802570
      4.70000      0.30679610
      4.80000      0.29547281
      4.90000      0.28405117
      5.00000      0.27254155
      5.10000      0.26097433
      5.20000      0.24940019
      5.30000      0.23788644
      5.40000      0.22651035
      5.50000      0.21535085
      5.60000      0.20447998
      5.70000      0.19395544
      5.80000      0.18381533
      5.90000      0.17407616
      6.00000      0.16473412
      6.10000      0.15576945
      6.20000      0.14715294
      6.30000      0.13885313
      6.40000      0.13084291
      6.50000      0.12310428
      6.60000      0.11563064
      6.70000      0.10842663
      6.80000      0.10150580
      6.90000     0.094887062
      7.00000     0.088590670
      7.10000     0.082634507
      7.20000     0.077031250
      7.30000     0.071786636
      7.40000     0.066898852
      7.50000     0.062358879
      7.60000     0.058151568
      7.70000     0.054257175
      7.80000     0.050653069
      7.90000     0.047315407
      8.00000     0.044220595
      8.10000     0.041346369
      8.20000     0.038672418
      8.30000     0.036180557
      8.40000     0.033854560
      8.50000     0.031679650
      8.60000     0.029642164
      8.70000     0.027728615
      8.80000     0.025926601
      8.90000     0.024221315
      9.00000     0.022604091
      9.10000     0.021049901
      9.20000     0.019576589
      9.30000     0.018090528
      9.40000     0.016792038
      9.50000     0.015115609
      9.60000     0.014506266
      9.70000     0.011152294
      9.80000     0.015010843
      9.90000       0.0000000
