     -23.0000       0.0000000
     -22.5000     0.038615527
     -22.0000     0.019323803
     -21.5000     0.022399584
     -21.0000     0.017322175
     -20.5000     0.015936949
     -20.0000     0.013838368
     -19.5000     0.012792487
     -19.0000     0.012151500
     -18.5000     0.012138667
     -18.0000     0.012594351
     -17.5000     0.013463722
     -17.0000     0.014621853
     -16.5000     0.015955422
     -16.0000     0.017347105
     -15.5000     0.018695383
     -15.0000     0.019916257
     -14.5000     0.020945929
     -14.0000     0.021737464
     -13.5000     0.022256206
     -13.0000     0.022475601
     -12.5000     0.022376299
     -12.0000     0.021949293
     -11.5000     0.021202525
     -11.0000     0.020169170
     -10.5000     0.018915912
     -10.0000     0.017551777
     -9.50000     0.016242660
     -9.00000     0.015241690
     -8.50000     0.014949154
     -8.00000     0.016013698
     -7.50000     0.019474690
     -7.00000     0.026923250
     -6.50000     0.040629565
     -6.00000     0.063554448
     -5.50000     0.099151281
     -5.00000      0.15088858
     -4.50000      0.22148707
     -4.00000      0.31196347
     -3.50000      0.42068460
     -3.00000      0.54271444
     -2.50000      0.66973353
     -2.00000      0.79071471
     -1.50000      0.89335839
     -1.00000      0.96606166
    -0.500000      0.99999998
      0.00000      0.99082378
     0.500000      0.93953578
      1.00000      0.85230979
      1.50000      0.73929491
      2.00000      0.61272063
      2.50000      0.48477659
      3.00000      0.36575819
      3.50000      0.26285239
      4.00000      0.17972338
      4.50000      0.11682741
      5.00000     0.072226391
      5.50000     0.042603689
      6.00000     0.024210075
      6.50000     0.013562779
      7.00000    0.0078383832
      7.50000    0.0049919363
      8.00000    0.0036865723
      8.50000    0.0031304660
      9.00000    0.0028987920
      9.50000    0.0027851843
      10.0000    0.0026985545
      10.5000    0.0026021777
      11.0000    0.0024829526
      11.5000    0.0023380426
      12.0000    0.0021697781
      12.5000    0.0019835892
      13.0000    0.0017866326
      13.5000    0.0015865109
      14.0000    0.0013901819
      14.5000    0.0012032316
      15.0000    0.0010295779
      15.5000   0.00087154360
      16.0000   0.00073016099
      16.5000   0.00060555168
      17.0000   0.00049725978
      17.5000   0.00040447539
      18.0000   0.00032614913
      18.5000   0.00026103655
      19.0000   0.00020772132
      19.5000   0.00016465380
      20.0000   0.00013022064
      20.5000   0.00010283865
      21.0000   8.1052888e-05
      21.5000   6.3616554e-05
      22.0000   4.9535391e-05
      22.5000   3.8072383e-05
      23.0000   2.8709663e-05
      23.5000   2.1103158e-05
      24.0000   1.4972813e-05
      24.5000   1.0164552e-05
      25.0000   6.2402492e-06
      25.5000   3.5044376e-06
      26.0000       0.0000000
      26.5000       0.0000000
