     -50.0000       0.0000000
     -49.0000       0.0000000
     -48.0000       0.0000000
     -47.0000       0.0000000
     -46.0000   1.2104467e-11
     -45.0000   1.4928843e-10
     -44.0000   9.7642700e-10
     -43.0000   4.5190010e-09
     -42.0000   1.6639607e-08
     -41.0000   5.1883780e-08
     -40.0000   1.4215083e-07
     -39.0000   3.5050502e-07
     -38.0000   7.9112375e-07
     -37.0000   1.6558588e-06
     -36.0000   3.2470112e-06
     -35.0000   6.0156820e-06
     -34.0000   1.0606103e-05
     -33.0000   1.7908204e-05
     -32.0000   2.9122879e-05
     -31.0000   4.5849102e-05
     -30.0000   7.0206849e-05
     -29.0000   0.00010501441
     -28.0000   0.00015405032
     -27.0000   0.00022246643
     -26.0000   0.00031749103
     -25.0000   0.00044969205
     -24.0000   0.00063529902
     -23.0000   0.00090044450
     -22.0000    0.0012887063
     -21.0000    0.0018740740
     -20.0000    0.0027824290
     -19.0000    0.0042255141
     -18.0000    0.0065515715
     -17.0000     0.010315197
     -16.0000     0.016363886
     -15.0000     0.025929127
     -14.0000     0.040696373
     -13.0000     0.062813590
     -12.0000     0.094788616
     -11.0000      0.13923016
     -10.0000      0.19841252
     -9.00000      0.27369075
     -8.00000      0.36485420
     -7.00000      0.46956505
     -6.00000      0.58305764
     -5.00000      0.69825538
     -4.00000      0.80638826
     -3.00000      0.89807333
     -2.00000      0.96468541
     -1.00000      0.99974296
      0.00000      0.99999997
      1.00000      0.96598497
      2.00000      0.90185816
      3.00000      0.81462827
      4.00000      0.71292514
      5.00000      0.60561790
      6.00000      0.50058031
      7.00000      0.40383215
      8.00000      0.31916072
      9.00000      0.24819686
      10.0000      0.19082205
      11.0000      0.14573708
      12.0000      0.11103266
      13.0000     0.084651909
      14.0000     0.064695922
      15.0000     0.049576065
      16.0000     0.038050387
      17.0000     0.029191335
      18.0000     0.022324865
      19.0000     0.016967049
      20.0000     0.012770752
      21.0000    0.0094850238
      22.0000    0.0069253236
      23.0000    0.0049519836
      24.0000    0.0034549402
      25.0000    0.0023434585
      26.0000    0.0015399565
      27.0000   0.00097699360
      28.0000   0.00059631546
      29.0000   0.00034884862
      30.0000   0.00019479260
      31.0000   0.00010332336
      32.0000   5.1763829e-05
      33.0000   2.4322195e-05
      34.0000   1.0623485e-05
      35.0000   4.2635927e-06
      36.0000   1.5479071e-06
      37.0000   4.9735641e-07
      38.0000   1.3681275e-07
      39.0000   3.0466943e-08
      40.0000   4.9426566e-09
      41.0000   4.5996904e-10
      42.0000   8.0689642e-12
      43.0000  -6.4014345e-16
      44.0000  -5.8053945e-16
      45.0000  -5.0590767e-16
      46.0000  -3.9908369e-16
      47.0000  -3.0350188e-16
      48.0000       0.0000000
      49.0000       0.0000000
