      0.00000       1.0000000
     0.500000      0.50381103
      1.00000      0.54591569
      1.50000      0.39005739
      2.00000      0.32126798
      2.50000      0.23546075
      3.00000      0.17438623
      3.50000      0.12266558
      4.00000     0.084998646
      4.50000     0.057362494
      5.00000     0.038440489
      5.50000     0.025784805
      6.00000     0.017633756
      6.50000     0.012441331
      7.00000    0.0091262536
      7.50000    0.0069427671
      8.00000    0.0054327539
      8.50000    0.0043284447
      9.00000    0.0034838146
      9.50000    0.0028199127
      10.0000    0.0022920331
      10.5000    0.0018712320
      11.0000    0.0015359140
      11.5000    0.0012685433
      12.0000    0.0010546387
      12.5000   0.00088244616
      13.0000   0.00074267598
      13.5000   0.00062815180
      14.0000   0.00053341243
      14.5000   0.00045433195
      15.0000   0.00038779477
      15.5000   0.00033143679
      16.0000   0.00028344817
      16.5000   0.00024242710
      17.0000   0.00020727293
      17.5000   0.00017710866
      18.0000   0.00015122475
      18.5000   0.00012903797
      19.0000   0.00011006040
      19.5000   9.3875237e-05
      20.0000   8.0118027e-05
      20.5000   6.8462611e-05
      21.0000   5.8611855e-05
      21.5000   5.0293207e-05
      22.0000   4.3258435e-05
      22.5000   3.7285880e-05
      23.0000   3.2183451e-05
      23.5000   2.7790691e-05
      24.0000   2.3978660e-05
      24.5000   2.0647382e-05
      25.0000   1.7721460e-05
      25.5000   1.5144828e-05
      26.0000   1.2875568e-05
      26.5000   1.0881582e-05
      27.0000   9.1373993e-06
      27.5000   7.6219227e-06
      28.0000   6.3168002e-06
      28.5000   5.2051347e-06
      29.0000   4.2703163e-06
      29.5000   3.4950059e-06
      30.0000   2.8604971e-06
      30.5000   2.3466502e-06
      31.0000   1.9324724e-06
      31.5000   1.5972801e-06
      32.0000   1.3221636e-06
      32.5000   1.0913419e-06
      33.0000   8.9304682e-07
      33.5000   7.1971776e-07
      34.0000   5.6747072e-07
      34.5000   4.3502865e-07
      35.0000   3.2243969e-07
      35.5000   2.2990788e-07
      36.0000   1.5697738e-07
      36.5000   1.0218563e-07
      37.0000   6.3138115e-08
      37.5000   3.6854716e-08
      38.0000   2.0214611e-08
      38.5000   1.0352466e-08
      39.0000   4.9115845e-09
      39.5000   2.1368696e-09
      40.0000   8.4071639e-10
      40.5000   2.9329580e-10
      41.0000   8.8086164e-11
      41.5000   2.1631760e-11
      42.0000   3.8975934e-12
      42.5000   3.8973633e-13
      43.0000  -2.5554370e-17
      43.5000  -2.5522378e-17
      44.0000  -2.5433458e-17
      44.5000  -2.5221757e-17
      45.0000  -2.4842062e-17
      45.5000  -2.4281438e-17
      46.0000  -2.4067991e-17
      46.5000  -2.4791759e-17
      47.0000  -2.5159879e-17
      47.5000  -2.5267247e-17
      48.0000  -2.7675123e-17
      48.5000  -2.9757768e-17
      49.0000       0.0000000
      49.5000       0.0000000
