     -23.0000       0.0000000
     -22.5000      0.46048549
     -22.0000      0.35293596
     -21.5000      0.46082253
     -21.0000      0.48416242
     -20.5000      0.53665399
     -20.0000      0.57459668
     -19.5000      0.61472114
     -19.0000      0.65101439
     -18.5000      0.68629461
     -18.0000      0.72000932
     -17.5000      0.75274730
     -17.0000      0.78443111
     -16.5000      0.81498495
     -16.0000      0.84412255
     -15.5000      0.87151196
     -15.0000      0.89680762
     -14.5000      0.91971514
     -14.0000      0.94000811
     -13.5000      0.95752376
     -13.0000      0.97214036
     -12.5000      0.98375796
     -12.0000      0.99229428
     -11.5000      0.99770146
     -11.0000      0.99999997
     -10.5000      0.99931615
     -10.0000      0.99590624
     -9.50000      0.99015683
     -9.00000      0.98255991
     -8.50000      0.97366896
     -8.00000      0.96405121
     -7.50000      0.95425277
     -7.00000      0.94478588
     -6.50000      0.93613666
     -6.00000      0.92878229
     -5.50000      0.92319616
     -5.00000      0.91981815
     -4.50000      0.91897717
     -4.00000      0.92077043
     -3.50000      0.92492167
     -3.00000      0.93066237
     -2.50000      0.93668622
     -2.00000      0.94121618
     -1.50000      0.94219806
     -1.00000      0.93760175
    -0.500000      0.92576962
      0.00000      0.90573055
     0.500000      0.87740132
      1.00000      0.84162070
      1.50000      0.80000086
      2.00000      0.75463535
      2.50000      0.70773666
      3.00000      0.66128793
      3.50000      0.61678325
      4.00000      0.57510320
      4.50000      0.53652765
      5.00000      0.50085578
      5.50000      0.46758550
      6.00000      0.43610139
      6.50000      0.40582910
      7.00000      0.37633630
      7.50000      0.34737754
      8.00000      0.31889216
      8.50000      0.29097144
      9.00000      0.26381197
      9.50000      0.23766742
      10.0000      0.21280595
      10.5000      0.18947694
      11.0000      0.16788701
      11.5000      0.14818350
      12.0000      0.13044407
      12.5000      0.11467190
      13.0000      0.10079640
      13.5000     0.088680276
      14.0000     0.078133704
      14.5000     0.068934675
      15.0000     0.060852807
      15.5000     0.053672832
      16.0000     0.047213550
      16.5000     0.041338586
      17.0000     0.035957734
      17.5000     0.031020238
      18.0000     0.026503057
      18.5000     0.022397890
      19.0000     0.018700536
      19.5000     0.015404444
      20.0000     0.012498371
      20.5000    0.0099668824
      21.0000    0.0077919668
      21.5000    0.0059541376
      22.0000    0.0044323169
      22.5000    0.0032028251
      23.0000    0.0022380939
      23.5000    0.0015063828
      24.0000   0.00097106152
      24.5000   0.00059601443
      25.0000   0.00033460720
      25.5000   0.00017211370
      26.0000       0.0000000
      26.5000       0.0000000
