      0.00000      0.14580327
     0.500000       1.0000000
      1.00000      0.52248134
      1.50000      0.55984252
      2.00000      0.40999507
      2.50000      0.34527803
      3.00000      0.26376404
      3.50000      0.20542855
      4.00000      0.15466233
      4.50000      0.11614672
      5.00000     0.086140043
      5.50000     0.063824897
      6.00000     0.047261018
      6.50000     0.035150196
      7.00000     0.026278925
      7.50000     0.019766990
      8.00000     0.014946876
      8.50000     0.011351740
      9.00000    0.0086519240
      9.50000    0.0066170150
      10.0000    0.0050815142
      10.5000    0.0039237106
      11.0000    0.0030516270
      11.5000    0.0023947684
      12.0000    0.0018988672
      12.5000    0.0015223606
      13.0000    0.0012337573
      13.5000    0.0010095651
      14.0000   0.00083260366
      14.5000   0.00069060474
      15.0000   0.00057503090
      15.5000   0.00048006424
      16.0000   0.00040174729
      16.5000   0.00033728451
      17.0000   0.00028452358
      17.5000   0.00024162260
      18.0000   0.00020688827
      18.5000   0.00017874517
      19.0000   0.00015577910
      19.5000   0.00013679632
      20.0000   0.00012085653
      20.5000   0.00010726043
      21.0000   9.5496890e-05
      21.5000   8.5173219e-05
      22.0000   7.5955736e-05
      22.5000   6.7539862e-05
      23.0000   5.9654151e-05
      23.5000   5.2088138e-05
      24.0000   4.4724739e-05
      24.5000   3.7558112e-05
      25.0000   3.0685676e-05
      25.5000   2.4274409e-05
      26.0000   1.8511527e-05
      26.5000   1.3554443e-05
      27.0000   9.4937643e-06
      27.5000   6.3374715e-06
      28.0000   4.0167003e-06
      28.5000   2.4072127e-06
      29.0000   1.3577481e-06
      29.5000   7.1676306e-07
      30.0000   3.5175065e-07
      30.5000   1.5909187e-07
      31.0000   6.5563829e-08
      31.5000   2.4239346e-08
      32.0000   7.8622414e-09
      32.5000   2.1610389e-09
      33.0000   4.7407398e-10
      33.5000   7.3881584e-11
      34.0000   6.1567165e-12
      34.5000  -8.9687867e-17
      35.0000  -8.9687867e-17
      35.5000  -8.9687867e-17
      36.0000  -8.9687867e-17
      36.5000  -8.9687867e-17
      37.0000  -8.9687867e-17
      37.5000  -8.9687867e-17
      38.0000  -8.9687867e-17
      38.5000  -8.9687867e-17
      39.0000  -8.9687867e-17
      39.5000  -8.9687867e-17
      40.0000  -8.9687867e-17
      40.5000  -8.9687867e-17
      41.0000  -8.9687712e-17
      41.5000  -8.9686478e-17
      42.0000  -8.9681928e-17
      42.5000  -8.9670609e-17
      43.0000  -8.9647394e-17
      43.5000  -8.9605423e-17
      44.0000  -8.9556609e-17
      44.5000  -8.9551736e-17
      45.0000  -8.9662050e-17
      45.5000  -8.9981067e-17
      46.0000  -9.0968319e-17
      46.5000  -9.3031655e-17
      47.0000  -9.7353376e-17
      47.5000  -1.0380135e-16
      48.0000  -1.1383216e-16
      48.5000  -1.2321364e-16
      49.0000       0.0000000
      49.5000       0.0000000
