      0.00000       1.0000000
     0.500000      0.63337827
      1.00000      0.64481826
      1.50000      0.51700481
      2.00000      0.45018084
      2.50000      0.37123337
      3.00000      0.30969116
      3.50000      0.25498654
      4.00000      0.21073127
      4.50000      0.17439162
      5.00000      0.14529606
      5.50000      0.12189898
      6.00000      0.10305181
      6.50000     0.087675381
      7.00000     0.074953256
      7.50000     0.064262475
      8.00000     0.055161701
      8.50000     0.047339910
      9.00000     0.040579493
      9.50000     0.034723269
      10.0000     0.029652447
      10.5000     0.025271872
      11.0000     0.021501095
      11.5000     0.018268995
      12.0000     0.015510764
      12.5000     0.013166342
      13.0000     0.011179885
      13.5000    0.0094998968
      14.0000    0.0080796835
      14.5000    0.0068778314
      15.0000    0.0058584947
      15.5000    0.0049913707
      16.0000    0.0042513425
      16.5000    0.0036178678
      17.0000    0.0030742383
      17.5000    0.0026068250
      18.0000    0.0022044132
      18.5000    0.0018576848
      19.0000    0.0015588547
      19.5000    0.0013014261
      20.0000    0.0010800196
      20.5000   0.00089021828
      21.0000   0.00072839310
      21.5000   0.00059150015
      22.0000   0.00047686753
      22.5000   0.00038200252
      23.0000   0.00030445618
      23.5000   0.00024176976
      24.0000   0.00019150484
      24.5000   0.00015133472
      25.0000   0.00011916227
      25.5000   9.3223021e-05
      26.0000   7.2140248e-05
      26.5000   5.4918035e-05
      27.0000   4.0879680e-05
      27.5000   2.9572438e-05
      28.0000   2.0666379e-05
      28.5000   1.3872705e-05
      29.0000   8.8957633e-06
      29.5000   5.4193208e-06
      30.0000   3.1185159e-06
      30.5000   1.6843538e-06
      31.0000   8.4763020e-07
      31.5000   3.9389091e-07
      32.0000   1.6708043e-07
      32.5000   6.3694299e-08
      33.0000   2.1349769e-08
      33.5000   6.0844378e-09
      34.0000   1.3904470e-09
      34.5000   2.2681065e-10
      35.0000   1.9722819e-11
      35.5000   1.6921154e-16
      36.0000   1.6921154e-16
      36.5000   1.6921154e-16
      37.0000   1.6921154e-16
      37.5000   1.6921154e-16
      38.0000   1.6921154e-16
      38.5000   1.6921154e-16
      39.0000   1.6921154e-16
      39.5000   1.6921154e-16
      40.0000   1.6921154e-16
      40.5000   1.6921154e-16
      41.0000   1.6921132e-16
      41.5000   1.6920960e-16
      42.0000   1.6920128e-16
      42.5000   1.6917168e-16
      43.0000   1.6908485e-16
      43.5000   1.6886744e-16
      44.0000   1.6839292e-16
      44.5000   1.6747531e-16
      45.0000   1.6594802e-16
      45.5000   1.6371051e-16
      46.0000   1.6100276e-16
      46.5000   1.5823058e-16
      47.0000   1.5373060e-16
      47.5000   1.4788001e-16
      48.0000   1.2152333e-16
      48.5000   9.5767702e-17
      49.0000       0.0000000
      49.5000       0.0000000
