      0.00000      0.21172599
     0.500000       1.0000000
      1.00000      0.53946698
      1.50000      0.56290400
      2.00000      0.41207469
      2.50000      0.34303407
      3.00000      0.26024745
      3.50000      0.20124868
      4.00000      0.15114862
      4.50000      0.11399444
      5.00000     0.085835143
      5.50000     0.065464472
      6.00000     0.050670296
      6.50000     0.039938477
      7.00000     0.031947196
      7.50000     0.025799325
      8.00000     0.020889260
      8.50000     0.016861911
      9.00000     0.013520471
      9.50000     0.010762326
      10.0000    0.0085266025
      10.5000    0.0067638291
      11.0000    0.0054208951
      11.5000    0.0044375861
      12.0000    0.0037490056
      12.5000    0.0032900957
      13.0000    0.0029998056
      13.5000    0.0028239385
      14.0000    0.0027165971
      14.5000    0.0026406289
      15.0000    0.0025675370
      15.5000    0.0024771536
      16.0000    0.0023571755
      16.5000    0.0022025158
      17.0000    0.0020143713
      17.5000    0.0017989503
      18.0000    0.0015659100
      18.5000    0.0013266406
      19.0000    0.0010925939
      19.5000   0.00087386485
      20.0000   0.00067818518
      20.5000   0.00051040288
      21.0000   0.00037243738
      21.5000   0.00026362939
      22.0000   0.00018134823
      22.5000   0.00012171023
      23.0000   8.0281325e-05
      23.5000   5.2666670e-05
      24.0000   3.4931412e-05
      24.5000   2.3842144e-05
      25.0000   1.6948142e-05
      25.5000   1.2538695e-05
      26.0000   9.5224948e-06
      26.5000   7.2738325e-06
      27.0000   5.4793174e-06
      27.5000   4.0077543e-06
      28.0000   2.8147643e-06
      28.5000   1.8831165e-06
      29.0000   1.1926467e-06
      29.5000   7.1110210e-07
      30.0000   3.9686241e-07
      30.5000   2.0595456e-07
      31.0000   9.8574354e-08
      31.5000   4.3043199e-08
      32.0000   1.6894003e-08
      32.5000   5.8352024e-09
      33.0000   1.7162361e-09
      33.5000   4.0565586e-10
      34.0000   6.8649521e-11
      34.5000   6.2409401e-12
      35.0000   8.1959672e-17
      35.5000   8.1959672e-17
      36.0000   8.1959672e-17
      36.5000   8.1959672e-17
      37.0000   8.1959672e-17
      37.5000   8.1959672e-17
      38.0000   8.1959672e-17
      38.5000   8.1959672e-17
      39.0000   8.1959672e-17
      39.5000   8.1959672e-17
      40.0000   8.1959672e-17
      40.5000   8.1959672e-17
      41.0000   8.1959763e-17
      41.5000   8.1960491e-17
      42.0000   8.1963131e-17
      42.5000   8.1969501e-17
      43.0000   8.1976480e-17
      43.5000   8.1964668e-17
      44.0000   8.1862936e-17
      44.5000   8.1513439e-17
      45.0000   8.0635149e-17
      45.5000   7.8845801e-17
      46.0000   7.6114816e-17
      46.5000   7.2564062e-17
      47.0000   7.3839450e-17
      47.5000   8.0497578e-17
      48.0000   8.0355696e-17
      48.5000   8.1174152e-17
      49.0000       0.0000000
      49.5000       0.0000000
