      0.00000      0.18250679
     0.100000     0.019730464
     0.200000     0.066769570
     0.300000     0.034492689
     0.400000     0.033749107
     0.500000     0.022714643
     0.600000     0.017579015
     0.700000     0.012218735
     0.800000    0.0088450139
     0.900000    0.0063716947
      1.00000    0.0049038053
      1.10000    0.0040789671
      1.20000    0.0037375336
      1.30000    0.0036897922
      1.40000    0.0038123545
      1.50000    0.0040091436
      1.60000    0.0042189022
      1.70000    0.0044041733
      1.80000    0.0045487052
      1.90000    0.0046533018
      2.00000    0.0047327761
      2.10000    0.0048115465
      2.20000    0.0049178865
      2.30000    0.0050769575
      2.40000    0.0053039074
      2.50000    0.0055987265
      2.60000    0.0059444509
      2.70000    0.0063096338
      2.80000    0.0066549601
      2.90000    0.0069426190
      3.00000    0.0071461422
      3.10000    0.0072582243
      3.20000    0.0072945293
      3.30000    0.0072925716
      3.40000    0.0073063118
      3.50000    0.0073984415
      3.60000    0.0076329327
      3.70000    0.0080703221
      3.80000    0.0087673971
      3.90000    0.0097814870
      4.00000     0.011178087
      4.10000     0.013039623
      4.20000     0.015472794
      4.30000     0.018612219
      4.40000     0.022619190
      4.50000     0.027675665
      4.60000     0.033974812
      4.70000     0.041710336
      4.80000     0.051067151
      4.90000     0.062215355
      5.00000     0.075308438
      5.10000     0.090485411
      5.20000      0.10787511
      5.30000      0.12760034
      5.40000      0.14977998
      5.50000      0.17452794
      5.60000      0.20194908
      5.70000      0.23213340
      5.80000      0.26514980
      5.90000      0.30103944
      6.00000      0.33980740
      6.10000      0.38141020
      6.20000      0.42573641
      6.30000      0.47257969
      6.40000      0.52160713
      6.50000      0.57232942
      6.60000      0.62408163
      6.70000      0.67602405
      6.80000      0.72716873
      6.90000      0.77643207
      7.00000      0.82270774
      7.10000      0.86494931
      7.20000      0.90224931
      7.30000      0.93390308
      7.40000      0.95944955
      7.50000      0.97868524
      7.60000      0.99165350
      7.70000      0.99861412
      7.80000       1.0000000
      7.90000      0.99636749
      8.00000      0.98834661
      8.10000      0.97659564
      8.20000      0.96176125
      8.30000      0.94444469
      8.40000      0.92517399
      8.50000      0.90437409
      8.60000      0.88234614
      8.70000      0.85922120
      8.80000      0.83498416
      8.90000      0.80933192
      9.00000      0.78201835
      9.10000      0.75201263
      9.20000      0.71989850
      9.30000      0.68190497
      9.40000      0.64600806
      9.50000      0.59017929
      9.60000      0.57231839
      9.70000      0.44223715
      9.80000      0.59684655
      9.90000       0.0000000
