      0.00000      0.63981540
     0.500000       1.0000000
      1.00000      0.66325197
      1.50000      0.60222862
      2.00000      0.45025590
      2.50000      0.35353934
      3.00000      0.25903760
      3.50000      0.18810097
      4.00000      0.13150139
      4.50000     0.090300612
      5.00000     0.060718760
      5.50000     0.040542599
      6.00000     0.027125949
      6.50000     0.018469249
      7.00000     0.012946486
      7.50000    0.0094191876
      8.00000    0.0071125635
      8.50000    0.0055425954
      9.00000    0.0044192690
      9.50000    0.0035773961
      10.0000    0.0029239745
      10.5000    0.0024057258
      11.0000    0.0019898889
      11.5000    0.0016542921
      12.0000    0.0013824955
      12.5000    0.0011616000
      13.0000   0.00098124376
      13.5000   0.00083309273
      14.0000   0.00071050519
      14.5000   0.00060825759
      15.0000   0.00052229586
      15.5000   0.00044950521
      16.0000   0.00038750223
      16.5000   0.00033445454
      17.0000   0.00028893152
      17.5000   0.00024978649
      18.0000   0.00021606928
      18.5000   0.00018696731
      19.0000   0.00016177175
      19.5000   0.00013986346
      20.0000   0.00012071187
      20.5000   0.00010387902
      21.0000   8.9021419e-05
      21.5000   7.5884434e-05
      22.0000   6.4287846e-05
      22.5000   5.4104363e-05
      23.0000   4.5235499e-05
      23.5000   3.7590092e-05
      24.0000   3.1069775e-05
      24.5000   2.5563201e-05
      25.0000   2.0948385e-05
      25.5000   1.7100402e-05
      26.0000   1.3900738e-05
      26.5000   1.1244921e-05
      27.0000   9.0463988e-06
      27.5000   7.2362126e-06
      28.0000   5.7594380e-06
      28.5000   4.5701986e-06
      29.0000   3.6270927e-06
      29.5000   2.8902879e-06
      30.0000   2.3207637e-06
      30.5000   1.8813351e-06
      31.0000   1.5385924e-06
      31.5000   1.2647999e-06
      32.0000   1.0390296e-06
      32.5000   8.4719245e-07
      33.0000   6.8106099e-07
      33.5000   5.3667062e-07
      34.0000   4.1256051e-07
      34.5000   3.0824821e-07
      35.0000   2.2317674e-07
      35.5000   1.5618416e-07
      36.0000   1.0540118e-07
      36.5000   6.8424445e-08
      37.0000   4.2611159e-08
      37.5000   2.5370766e-08
      38.0000   1.4383121e-08
      38.5000   7.7237550e-09
      39.0000   3.9031710e-09
      39.5000   1.8408015e-09
      40.0000   8.0137339e-10
      40.5000   3.1725197e-10
      41.0000   1.1186246e-10
      41.5000   3.4051730e-11
      42.0000   8.4743418e-12
      42.5000   1.5407123e-12
      43.0000   1.5398644e-13
      43.5000  -9.4180478e-17
      44.0000  -9.4051271e-17
      44.5000  -9.3680545e-17
      45.0000  -9.2854152e-17
      45.5000  -9.1308133e-17
      46.0000  -8.8145626e-17
      46.5000  -8.2612225e-17
      47.0000  -7.3085161e-17
      47.5000  -5.9996412e-17
      48.0000  -3.9256006e-17
      48.5000  -2.0158928e-17
      49.0000       0.0000000
      49.5000       0.0000000
