      0.00000       1.0000000
     0.500000      0.69553422
      1.00000      0.67563443
      1.50000      0.55243191
      2.00000      0.47684772
      2.50000      0.39476346
      3.00000      0.32852600
      3.50000      0.27034481
      4.00000      0.22275842
      4.50000      0.18360965
      5.00000      0.15204780
      5.50000      0.12657900
      6.00000      0.10604788
      6.50000     0.089420251
      7.00000     0.075921467
      7.50000     0.064965822
      8.00000     0.056119114
      8.50000     0.049034396
      9.00000     0.043407195
      9.50000     0.038946747
      10.0000     0.035368273
      10.5000     0.032400427
      11.0000     0.029801644
      11.5000     0.027377963
      12.0000     0.024996382
      12.5000     0.022589905
      13.0000     0.020153001
      13.5000     0.017728562
      14.0000     0.015389205
      14.5000     0.013216806
      15.0000     0.011284088
      15.5000    0.0096411963
      16.0000    0.0083088135
      16.5000    0.0072777626
      17.0000    0.0065137744
      17.5000    0.0059653828
      18.0000    0.0055728564
      18.5000    0.0052764638
      19.0000    0.0050230189
      19.5000    0.0047703002
      20.0000    0.0044893722
      20.5000    0.0041650494
      21.0000    0.0037948233
      21.5000    0.0033865860
      22.0000    0.0029555100
      22.5000    0.0025205126
      23.0000    0.0021008009
      23.5000    0.0017129838
      24.0000    0.0013691280
      24.5000    0.0010759345
      25.0000   0.00083497568
      25.5000   0.00064371462
      26.0000   0.00049691461
      26.5000   0.00038804583
      27.0000   0.00031039943
      27.5000   0.00025776837
      28.0000   0.00022471004
      28.5000   0.00020651433
      29.0000   0.00019904011
      29.5000   0.00019856096
      30.0000   0.00020170657
      30.5000   0.00020551683
      31.0000   0.00020757069
      31.5000   0.00020612495
      32.0000   0.00020020305
      32.5000   0.00018959419
      33.0000   0.00017475516
      33.5000   0.00015663687
      34.0000   0.00013647412
      34.5000   0.00011557878
      35.0000   9.5168566e-05
      35.5000   7.6248938e-05
      36.0000   5.9549030e-05
      36.5000   4.5503444e-05
      37.0000   3.4267694e-05
      37.5000   2.5755609e-05
      38.0000   1.9690674e-05
      38.5000   1.5666794e-05
      39.0000   1.3214248e-05
      39.5000   1.1865675e-05
      40.0000   1.1215012e-05
      40.5000   1.0960860e-05
      41.0000   1.0926723e-05
      41.5000   1.1054542e-05
      42.0000   1.1372960e-05
      42.5000   1.1947988e-05
      43.0000   1.2828592e-05
      43.5000   1.4001437e-05
      44.0000   1.5365460e-05
      44.5000   1.6735049e-05
      45.0000   1.7864654e-05
      45.5000   1.8501930e-05
      46.0000   1.8414413e-05
      46.5000   1.7486659e-05
      47.0000   1.5594460e-05
      47.5000   1.2985087e-05
      48.0000   9.2875753e-06
      48.5000   5.9829529e-06
      49.0000       0.0000000
      49.5000       0.0000000
