      0.00000      0.22757257
     0.500000       1.0000000
      1.00000      0.73554395
      1.50000      0.86176978
      2.00000      0.83084487
      2.50000      0.84887798
      3.00000      0.83611138
      3.50000      0.82304742
      4.00000      0.79930099
      4.50000      0.77074736
      5.00000      0.73732695
      5.50000      0.70111889
      6.00000      0.66302753
      6.50000      0.62394635
      7.00000      0.58434342
      7.50000      0.54452393
      8.00000      0.50466363
      8.50000      0.46491829
      9.00000      0.42547147
      9.50000      0.38656703
      10.0000      0.34851354
      10.5000      0.31167401
      11.0000      0.27644375
      11.5000      0.24322135
      12.0000      0.21237535
      12.5000      0.18421047
      13.0000      0.15893777
      13.5000      0.13665345
      14.0000      0.11733035
      14.5000      0.10082369
      15.0000     0.086890176
      15.5000     0.075216818
      16.0000     0.065454299
      16.5000     0.057249691
      17.0000     0.050274112
      17.5000     0.044242670
      18.0000     0.038925810
      18.5000     0.034152619
      19.0000     0.029807557
      19.5000     0.025822419
      20.0000     0.022165443
      20.5000     0.018829332
      21.0000     0.015819708
      21.5000     0.013145248
      22.0000     0.010810348
      22.5000    0.0088107185
      23.0000    0.0071317609
      23.5000    0.0057492278
      24.0000    0.0046313972
      24.5000    0.0037419699
      25.0000    0.0030430308
      25.5000    0.0024976583
      26.0000    0.0020719715
      26.5000    0.0017365602
      27.0000    0.0014673116
      27.5000    0.0012456718
      28.0000    0.0010583841
      28.5000   0.00089677925
      29.0000   0.00075574819
      29.5000   0.00063257444
      30.0000   0.00052582562
      30.5000   0.00043447590
      31.0000   0.00035736003
      31.5000   0.00029296693
      32.0000   0.00023949959
      32.5000   0.00019508185
      33.0000   0.00015798882
      33.5000   0.00012681070
      34.0000   0.00010051076
      34.5000   7.8385329e-05
      35.0000   5.9963300e-05
      35.5000   4.4891613e-05
      36.0000   3.2843613e-05
      36.5000   2.3467933e-05
      37.0000   1.6377648e-05
      37.5000   1.1167722e-05
      38.0000   7.4441927e-06
      38.5000   4.8512873e-06
      39.0000   3.0888138e-06
      39.5000   1.9180242e-06
      40.0000   1.1580276e-06
      40.5000   6.7683975e-07
      41.0000   3.8082064e-07
      41.5000   2.0489119e-07
      42.0000   1.0460140e-07
      42.5000   5.0220716e-08
      43.0000   2.2439201e-08
      43.5000   9.2127861e-09
      44.0000   3.4187405e-09
      44.5000   1.1208458e-09
      45.0000   3.1387863e-10
      45.5000   7.1046195e-11
      46.0000   1.1663592e-11
      46.5000   1.0595587e-12
      47.0000  -8.2930226e-16
      47.5000  -8.0135237e-16
      48.0000  -6.6710958e-16
      48.5000  -5.3367266e-16
      49.0000       0.0000000
      49.5000       0.0000000
