      0.00000       1.0000000
     0.500000      0.23396758
      1.00000      0.42342691
      1.50000      0.25325760
      2.00000      0.22845310
      2.50000      0.15947280
      3.00000      0.12012242
      3.50000     0.082627816
      4.00000     0.056799213
      4.50000     0.037351448
      5.00000     0.024320579
      5.50000     0.015631345
      6.00000     0.010181274
      6.50000    0.0068207593
      7.00000    0.0047947124
      7.50000    0.0035544857
      8.00000    0.0027659234
      8.50000    0.0022285432
      9.00000    0.0018339731
      9.50000    0.0015252690
      10.0000    0.0012737112
      10.5000    0.0010641621
      11.0000   0.00088792049
      11.5000   0.00073925230
      12.0000   0.00061393994
      12.5000   0.00050863991
      13.0000   0.00042057523
      13.5000   0.00034735226
      14.0000   0.00028685054
      14.5000   0.00023716574
      15.0000   0.00019658735
      15.5000   0.00016359494
      16.0000   0.00013685937
      16.5000   0.00011524026
      17.0000   9.7775853e-05
      17.5000   8.3666167e-05
      18.0000   7.2251799e-05
      18.5000   6.2991383e-05
      19.0000   5.5439824e-05
      19.5000   4.9229302e-05
      20.0000   4.4054221e-05
      20.5000   3.9660804e-05
      21.0000   3.5841194e-05
      21.5000   3.2431225e-05
      22.0000   2.9309936e-05
      22.5000   2.6398575e-05
      23.0000   2.3657176e-05
      23.5000   2.1077857e-05
      24.0000   1.8674943e-05
      24.5000   1.6473321e-05
      25.0000   1.4497072e-05
      25.5000   1.2760369e-05
      26.0000   1.1261891e-05
      26.5000   9.9834297e-06
      27.0000   8.8923820e-06
      27.5000   7.9470692e-06
      28.0000   7.1034659e-06
      28.5000   6.3219871e-06
      29.0000   5.5729458e-06
      29.5000   4.8397323e-06
      30.0000   4.1193146e-06
      30.5000   3.4202092e-06
      31.0000   2.7585180e-06
      31.5000   2.1530489e-06
      32.0000   1.6206370e-06
      32.5000   1.1726074e-06
      33.0000   8.1294002e-07
      33.5000   5.3823019e-07
      34.0000   3.3911202e-07
      34.5000   2.0252270e-07
      35.0000   1.1412947e-07
      35.5000   6.0365593e-08
      36.0000   2.9772419e-08
      36.5000   1.3580838e-08
      37.0000   5.6698111e-09
      37.5000   2.1358735e-09
      38.0000   7.1168133e-10
      38.5000   2.0363373e-10
      39.0000   4.7694222e-11
      39.5000   8.2946125e-12
      40.0000   8.2942333e-13
      40.5000  -4.2136562e-17
      41.0000  -4.2136479e-17
      41.5000  -4.2135822e-17
      42.0000  -4.2132655e-17
      42.5000  -4.2121411e-17
      43.0000  -4.2087136e-17
      43.5000  -4.1996667e-17
      44.0000  -4.1779922e-17
      44.5000  -4.1314711e-17
      45.0000  -4.0437717e-17
      45.5000  -3.8967512e-17
      46.0000  -3.6639598e-17
      46.5000  -3.3302689e-17
      47.0000  -2.9585491e-17
      47.5000  -2.5831339e-17
      48.0000  -1.9088084e-17
      48.5000  -1.3258817e-17
      49.0000       0.0000000
      49.5000       0.0000000
