      0.00000      0.37924054
     0.100000       1.0000000
     0.200000      0.58485699
     0.300000      0.57342454
     0.400000      0.41998487
     0.500000      0.33830311
     0.600000      0.24931892
     0.700000      0.18441656
     0.800000      0.13097296
     0.900000     0.091945675
      1.00000     0.063477998
      1.10000     0.043962656
      1.20000     0.030964700
      1.30000     0.022689051
      1.40000     0.017574659
      1.50000     0.014495057
      1.60000     0.012644085
      1.70000     0.011496749
      1.80000     0.010726143
      1.90000     0.010143557
      2.00000    0.0096469455
      2.10000    0.0091862280
      2.20000    0.0087399491
      2.30000    0.0083012213
      2.40000    0.0078695338
      2.50000    0.0074463925
      2.60000    0.0070332639
      2.70000    0.0066309128
      2.80000    0.0062395045
      2.90000    0.0058590324
      3.00000    0.0054897665
      3.10000    0.0051325483
      3.20000    0.0047888606
      3.30000    0.0044606814
      3.40000    0.0041501878
      3.50000    0.0038593971
      3.60000    0.0035898257
      3.70000    0.0033422278
      3.80000    0.0031164571
      3.90000    0.0029114686
      4.00000    0.0027254552
      4.10000    0.0025560919
      4.20000    0.0024008470
      4.30000    0.0022573030
      4.40000    0.0021234322
      4.50000    0.0019977797
      4.60000    0.0018795220
      4.70000    0.0017683992
      4.80000    0.0016645447
      4.90000    0.0015682558
      5.00000    0.0014797616
      5.10000    0.0013990445
      5.20000    0.0013257511
      5.30000    0.0012592053
      5.40000    0.0011985088
      5.50000    0.0011426937
      5.60000    0.0010908769
      5.70000    0.0010423754
      5.80000   0.00099675532
      5.90000   0.00095380926
      6.00000   0.00091348044
      6.10000   0.00087576509
      6.20000   0.00084062595
      6.30000   0.00080794116
      6.40000   0.00077749836
      6.50000   0.00074902595
      6.60000   0.00072224312
      6.70000   0.00069690896
      6.80000   0.00067285467
      6.90000   0.00064999218
      7.00000   0.00062830319
      7.10000   0.00060781735
      7.20000   0.00058858841
      7.30000   0.00057067446
      7.40000   0.00055412496
      7.50000   0.00053897195
      7.60000   0.00052522327
      7.70000   0.00051285769
      7.80000   0.00050182291
      7.90000   0.00049203774
      8.00000   0.00048340052
      8.10000   0.00047580238
      8.20000   0.00046914114
      8.30000   0.00046332951
      8.40000   0.00045829455
      8.50000   0.00045396123
      8.60000   0.00045023118
      8.70000   0.00044693428
      8.80000   0.00044383446
      8.90000   0.00044050829
      9.00000   0.00043660964
      9.10000   0.00043120661
      9.20000   0.00042466160
      9.30000   0.00041394613
      9.40000   0.00040525725
      9.50000   0.00038127825
      9.60000   0.00038733034
      9.70000   0.00030565700
      9.80000   0.00044715690
      9.90000       0.0000000
