     -23.0000       0.0000000
     -22.5000    0.0052515459
     -22.0000    0.0029537949
     -21.5000    0.0035844154
     -21.0000    0.0031651854
     -20.5000    0.0032464784
     -20.0000    0.0032522489
     -19.5000    0.0034104055
     -19.0000    0.0036297876
     -18.5000    0.0039305630
     -18.0000    0.0042803933
     -17.5000    0.0046600288
     -17.0000    0.0050442774
     -16.5000    0.0054215608
     -16.0000    0.0058090537
     -15.5000    0.0062852330
     -15.0000    0.0070368387
     -14.5000    0.0084244744
     -14.0000     0.011061747
     -13.5000     0.015895617
     -13.0000     0.024265546
     -12.5000     0.037911137
     -12.0000     0.058895669
     -11.5000     0.089423204
     -11.0000      0.13154839
     -10.5000      0.18680570
     -10.0000      0.25581463
     -9.50000      0.33794050
     -9.00000      0.43108956
     -8.50000      0.53169645
     -8.00000      0.63492891
     -7.50000      0.73509141
     -7.00000      0.82616521
     -6.50000      0.90240410
     -6.00000      0.95890583
     -5.50000      0.99208572
     -5.00000       1.0000000
     -4.50000      0.98249814
     -4.00000      0.94119677
     -3.50000      0.87927921
     -3.00000      0.80114556
     -2.50000      0.71195561
     -2.00000      0.61711348
     -1.50000      0.52175820
     -1.00000      0.43033151
    -0.500000      0.34627527
      0.00000      0.27188586
     0.500000      0.20832857
      1.00000      0.15578349
      1.50000      0.11367166
      2.00000     0.080909763
      2.50000     0.056149395
      3.00000     0.037970039
      3.50000     0.025013945
      4.00000     0.016067356
      4.50000     0.010098701
      5.00000    0.0062666677
      5.50000    0.0039104224
      6.00000    0.0025303364
      6.50000    0.0017638084
      7.00000    0.0013595292
      7.50000    0.0011524397
      8.00000    0.0010408196
      8.50000   0.00096671037
      9.00000   0.00090049263
      9.50000   0.00082960469
      10.0000   0.00075088821
      10.5000   0.00066581303
      11.0000   0.00057772803
      11.5000   0.00049037018
      12.0000   0.00040711196
      12.5000   0.00033061814
      13.0000   0.00026271734
      13.5000   0.00020439387
      14.0000   0.00015586072
      14.5000   0.00011668695
      15.0000   8.5961666e-05
      15.5000   6.2478013e-05
      16.0000   4.4914562e-05
      16.5000   3.1990094e-05
      17.0000   2.2574844e-05
      17.5000   1.5749439e-05
      18.0000   1.0814122e-05
      18.5000   7.2617631e-06
      19.0000   4.7331167e-06
      19.5000   2.9704223e-06
      20.0000   1.7803993e-06
      20.5000   1.0108442e-06
      21.0000   5.3908379e-07
      21.5000   2.6758985e-07
      22.0000   1.2232439e-07
      22.5000   5.0818982e-08
      23.0000   1.8854431e-08
      23.5000   6.0929493e-09
      24.0000   1.6478096e-09
      24.5000   3.4699366e-10
      25.0000   4.9335440e-11
      25.5000   3.2888973e-12
      26.0000       0.0000000
      26.5000       0.0000000
