      0.00000      0.72958611
     0.100000       1.0000000
     0.200000      0.69161229
     0.300000      0.61405343
     0.400000      0.46305157
     0.500000      0.36115123
     0.600000      0.26446346
     0.700000      0.19092482
     0.800000      0.13264167
     0.900000     0.090150007
      1.00000     0.059810940
      1.10000     0.039264246
      1.20000     0.025805929
      1.30000     0.017337494
      1.40000     0.012154854
      1.50000    0.0090478503
      1.60000    0.0071871948
      1.70000    0.0060489800
      1.80000    0.0053175469
      1.90000    0.0048133539
      2.00000    0.0044377117
      2.10000    0.0041376997
      2.20000    0.0038848859
      2.30000    0.0036637682
      2.40000    0.0034656993
      2.50000    0.0032857767
      2.60000    0.0031211509
      2.70000    0.0029700236
      2.80000    0.0028310049
      2.90000    0.0027027093
      3.00000    0.0025835417
      3.10000    0.0024716409
      3.20000    0.0023649456
      3.30000    0.0022613488
      3.40000    0.0021588946
      3.50000    0.0020559762
      3.60000    0.0019514976
      3.70000    0.0018449678
      3.80000    0.0017365147
      3.90000    0.0016268185
      4.00000    0.0015169787
      4.10000    0.0014083403
      4.20000    0.0013023101
      4.30000    0.0012001914
      4.40000    0.0011030617
      4.50000    0.0010117039
      4.60000   0.00092659155
      4.70000   0.00084791600
      4.80000   0.00077563859
      4.90000   0.00070954965
      5.00000   0.00064931944
      5.10000   0.00059453557
      5.20000   0.00054472857
      5.30000   0.00049939170
      5.40000   0.00045800223
      5.50000   0.00042004890
      5.60000   0.00038506355
      5.70000   0.00035265049
      5.80000   0.00032250637
      5.90000   0.00029442409
      6.00000   0.00026827906
      6.10000   0.00024400189
      6.20000   0.00022154604
      6.30000   0.00020085904
      6.40000   0.00018186445
      6.50000   0.00016445762
      6.60000   0.00014851395
      6.70000   0.00013390448
      6.80000   0.00012051289
      6.90000   0.00010824908
      7.00000   9.7055838e-05
      7.10000   8.6907633e-05
      7.20000   7.7802628e-05
      7.30000   6.9749972e-05
      7.40000   6.2754840e-05
      7.50000   5.6803835e-05
      7.60000   5.1853448e-05
      7.70000   4.7824022e-05
      7.80000   4.4600756e-05
      7.90000   4.2042265e-05
      8.00000   3.9995738e-05
      8.10000   3.8315929e-05
      8.20000   3.6883740e-05
      8.30000   3.5620025e-05
      8.40000   3.4491305e-05
      8.50000   3.3505211e-05
      8.60000   3.2697617e-05
      8.70000   3.2111931e-05
      8.80000   3.1783017e-05
      8.90000   3.1710451e-05
      9.00000   3.1878067e-05
      9.10000   3.2182557e-05
      9.20000   3.2635114e-05
      9.30000   3.2876460e-05
      9.40000   3.3510870e-05
      9.50000   3.2673415e-05
      9.60000   3.5083425e-05
      9.70000   2.8341511e-05
      9.80000   4.5059325e-05
      9.90000       0.0000000
