      0.00000       1.0000000
     0.100000     0.024512388
     0.200000      0.33825333
     0.300000      0.16284297
     0.400000      0.17915530
     0.500000      0.12910125
     0.600000      0.11198925
     0.700000     0.089980141
     0.800000     0.076873279
     0.900000     0.066329984
      1.00000     0.059496852
      1.10000     0.054693325
      1.20000     0.051495998
      1.30000     0.049256623
      1.40000     0.047672610
      1.50000     0.046529124
      1.60000     0.045735331
      1.70000     0.045248081
      1.80000     0.045050689
      1.90000     0.045127772
      2.00000     0.045457392
      2.10000     0.046008511
      2.20000     0.046743746
      2.30000     0.047623523
      2.40000     0.048610424
      2.50000     0.049672579
      2.60000     0.050785624
      2.70000     0.051933106
      2.80000     0.053105621
      2.90000     0.054299132
      3.00000     0.055512977
      3.10000     0.056748017
      3.20000     0.058005161
      3.30000     0.059284247
      3.40000     0.060583151
      3.50000     0.061897135
      3.60000     0.063218593
      3.70000     0.064537413
      3.80000     0.065842263
      3.90000     0.067122822
      4.00000     0.068372527
      4.10000     0.069591035
      4.20000     0.070785613
      4.30000     0.071970705
      4.40000     0.073165532
      4.50000     0.074390238
      4.60000     0.075661614
      4.70000     0.076989526
      4.80000     0.078375029
      4.90000     0.079810691
      5.00000     0.081282907
      5.10000     0.082775519
      5.20000     0.084273811
      5.30000     0.085767878
      5.40000     0.087254526
      5.50000     0.088737260
      5.60000     0.090224306
      5.70000     0.091724960
      5.80000     0.093244958
      5.90000     0.094781877
      6.00000     0.096321610
      6.10000     0.097836864
      6.20000     0.099288290
      6.30000      0.10062827
      6.40000      0.10180677
      6.50000      0.10277828
      6.60000      0.10350850
      6.70000      0.10397966
      6.80000      0.10419346
      6.90000      0.10417135
      7.00000      0.10395196
      7.10000      0.10358629
      7.20000      0.10313124
      7.30000      0.10264235
      7.40000      0.10216681
      7.50000      0.10173770
      7.60000      0.10137038
      7.70000      0.10106177
      7.80000      0.10079243
      7.90000      0.10053129
      8.00000      0.10024170
      8.10000     0.099887738
      8.20000     0.099438992
      8.30000     0.098872886
      8.40000     0.098174273
      8.50000     0.097331856
      8.60000     0.096334328
      8.70000     0.095162571
      8.80000     0.093792921
      8.90000     0.092177082
      9.00000     0.090292708
      9.10000     0.088020401
      9.20000     0.085487295
      9.30000     0.082196303
      9.40000     0.079342817
      9.50000     0.073775563
      9.60000     0.073848581
      9.70000     0.057889941
      9.80000     0.083025830
      9.90000       0.0000000
