      0.00000      0.18990022
     0.500000      0.13696380
      1.00000      0.30891383
      1.50000      0.39372086
      2.00000      0.50920429
      2.50000      0.60813882
      3.00000      0.70562554
      3.50000      0.79228097
      4.00000      0.86767055
      4.50000      0.92796034
      5.00000      0.97110266
      5.50000      0.99531262
      6.00000       1.0000000
      6.50000      0.98560987
      7.00000      0.95369500
      7.50000      0.90672309
      8.00000      0.84784007
      8.50000      0.78055791
      9.00000      0.70843964
      9.50000      0.63481263
      10.0000      0.56254565
      10.5000      0.49390645
      11.0000      0.43050389
      11.5000      0.37330561
      12.0000      0.32271321
      12.5000      0.27867330
      13.0000      0.24080246
      13.5000      0.20850840
      14.0000      0.18109498
      14.5000      0.15784470
      15.0000      0.13807698
      15.5000      0.12118436
      16.0000      0.10665007
      16.5000     0.094051624
      17.0000     0.083054562
      17.5000     0.073400224
      18.0000     0.064890817
      18.5000     0.057374323
      19.0000     0.050731098
      19.5000     0.044863262
      20.0000     0.039687179
      20.5000     0.035128697
      21.0000     0.031120488
      21.5000     0.027600698
      22.0000     0.024512231
      22.5000     0.021802309
      23.0000     0.019422185
      23.5000     0.017327060
      24.0000     0.015476249
      24.5000     0.013833617
      25.0000     0.012368130
      25.5000     0.011054293
      26.0000    0.0098722560
      26.5000    0.0088074164
      27.0000    0.0078495033
      27.5000    0.0069912483
      28.0000    0.0062268913
      28.5000    0.0055507939
      29.0000    0.0049564067
      29.5000    0.0044357645
      30.0000    0.0039795470
      30.5000    0.0035776093
      31.0000    0.0032198032
      31.5000    0.0028968620
      32.0000    0.0026011287
      32.5000    0.0023269807
      33.0000    0.0020708994
      33.5000    0.0018312164
      34.0000    0.0016076406
      34.5000    0.0014007025
      35.0000    0.0012112331
      35.5000    0.0010399599
      36.0000   0.00088725372
      36.5000   0.00075301905
      37.0000   0.00063668798
      37.5000   0.00053727818
      38.0000   0.00045347958
      38.5000   0.00038374454
      39.0000   0.00032637269
      39.5000   0.00027958977
      40.0000   0.00024162090
      40.5000   0.00021075918
      41.0000   0.00018543003
      41.5000   0.00016424742
      42.0000   0.00014605678
      42.5000   0.00012996023
      43.0000   0.00011531988
      43.5000   0.00010173724
      44.0000   8.9010200e-05
      44.5000   7.7076732e-05
      45.0000   6.5946949e-05
      45.5000   5.5655254e-05
      46.0000   4.6189355e-05
      46.5000   3.7540465e-05
      47.0000   2.9512230e-05
      47.5000   2.2232260e-05
      48.0000   1.4869263e-05
      48.5000   9.0804600e-06
      49.0000       0.0000000
      49.5000       0.0000000
