      0.00000      0.25257050
     0.500000       1.0000000
      1.00000      0.67153769
      1.50000      0.75117277
      2.00000      0.67101261
      2.50000      0.64686693
      3.00000      0.59676497
      3.50000      0.55335968
      4.00000      0.50636900
      4.50000      0.46220375
      5.00000      0.42076538
      5.50000      0.38388321
      6.00000      0.35184431
      6.50000      0.32464031
      7.00000      0.30158881
      7.50000      0.28169833
      8.00000      0.26381308
      8.50000      0.24684072
      9.00000      0.22989807
      9.50000      0.21240836
      10.0000      0.19412956
      10.5000      0.17513005
      11.0000      0.15572511
      11.5000      0.13639264
      12.0000      0.11768296
      12.5000      0.10013533
      13.0000     0.084210012
      13.5000     0.070240598
      14.0000     0.058409039
      14.5000     0.048742890
      15.0000     0.041131805
      15.5000     0.035358113
      16.0000     0.031135101
      16.5000     0.028146187
      17.0000     0.026078861
      17.5000     0.024649454
      18.0000     0.023617373
      18.5000     0.022789884
      19.0000     0.022020346
      19.5000     0.021203378
      20.0000     0.020269910
      20.5000     0.019183673
      21.0000     0.017939236
      21.5000     0.016560525
      22.0000     0.015098384
      22.5000     0.013625960
      23.0000     0.012231396
      23.5000     0.011008069
      24.0000     0.010043197
      24.5000    0.0094059384
      25.0000    0.0091362624
      25.5000    0.0092360583
      26.0000    0.0096640479
      26.5000     0.010336072
      27.0000     0.011131916
      27.5000     0.011908883
      28.0000     0.012520839
      28.5000     0.012839782
      29.0000     0.012775865
      29.5000     0.012291529
      30.0000     0.011406440
      30.5000     0.010191997
      31.0000    0.0087567417
      31.5000    0.0072261956
      32.0000    0.0057217900
      32.5000    0.0043433898
      33.0000    0.0031585344
      33.5000    0.0021994321
      34.0000    0.0014667605
      34.5000   0.00093794774
      35.0000   0.00057711581
      35.5000   0.00034422323
      36.0000   0.00020185496
      36.5000   0.00011913105
      37.0000   7.3027459e-05
      37.5000   4.7874573e-05
      38.0000   3.3901215e-05
      38.5000   2.5529243e-05
      39.0000   1.9858863e-05
      39.5000   1.5533441e-05
      40.0000   1.1993774e-05
      40.5000   9.0418295e-06
      41.0000   6.6133568e-06
      41.5000   4.6744470e-06
      42.0000   3.1834068e-06
      42.5000   2.0832267e-06
      43.0000   1.3062796e-06
      43.5000   7.8235166e-07
      44.0000   4.4586688e-07
      44.5000   2.4071245e-07
      45.0000   1.2243476e-07
      45.5000   5.8275349e-08
      46.0000   2.5735808e-08
      46.5000   1.0429147e-08
      47.0000   3.8200051e-09
      47.5000   1.2382005e-09
      48.0000   3.4400888e-10
      48.5000   7.7604659e-11
      49.0000       0.0000000
      49.5000       0.0000000
