      0.00000       0.0000000
     0.500000       0.0000000
      1.00000   0.00055429810
      1.50000    0.0012013782
      2.00000    0.0024378583
      2.50000    0.0046446504
      3.00000    0.0085208527
      3.50000     0.015045233
      4.00000     0.025555631
      4.50000     0.041730005
      5.00000     0.065498254
      5.50000     0.098848415
      6.00000      0.14353493
      6.50000      0.20071928
      7.00000      0.27060570
      7.50000      0.35215467
      8.00000      0.44295717
      8.50000      0.53932908
      9.00000      0.63663869
      9.50000      0.72982343
      10.0000      0.81400073
      10.5000      0.88504990
      11.0000      0.94004642
      11.5000      0.97746675
      12.0000      0.99714188
      12.5000       1.0000000
      13.0000      0.98768663
      13.5000      0.96216819
      14.0000      0.92541473
      14.5000      0.87921771
      15.0000      0.82515262
      15.5000      0.76465382
      16.0000      0.69914355
      16.5000      0.63015309
      17.0000      0.55938937
      17.5000      0.48872582
      18.0000      0.42012219
      18.5000      0.35549733
      19.0000      0.29658622
      19.5000      0.24480978
      20.0000      0.20117538
      20.5000      0.16621487
      21.0000      0.13995843
      21.5000      0.12193980
      22.0000      0.11123045
      22.5000      0.10650447
      23.0000      0.10613796
      23.5000      0.10834459
      24.0000      0.11134083
      24.5000      0.11352435
      25.0000      0.11363942
      25.5000      0.11089952
      26.0000      0.10504236
      26.5000     0.096305086
      27.0000     0.085324857
      27.5000     0.072986795
      28.0000     0.060252149
      28.5000     0.048001307
      29.0000     0.036919154
      29.5000     0.027437017
      30.0000     0.019730548
      30.5000     0.013760768
      31.0000    0.0093391871
      31.5000    0.0061976959
      32.0000    0.0040484667
      32.5000    0.0026259437
      33.0000    0.0017096045
      33.5000    0.0011307575
      34.0000   0.00076874945
      34.5000   0.00054195570
      35.0000   0.00039760118
      35.5000   0.00030276330
      36.0000   0.00023747567
      36.5000   0.00018992455
      37.0000   0.00015330186
      37.5000   0.00012380840
      38.0000   9.9399823e-05
      38.5000   7.8998686e-05
      39.0000   6.2007452e-05
      39.5000   4.8024961e-05
      40.0000   3.6701389e-05
      40.5000   2.7683093e-05
      41.0000   2.0609845e-05
      41.5000   1.5134157e-05
      42.0000   1.0942292e-05
      42.5000   7.7673696e-06
      43.0000   5.3922607e-06
      43.5000   3.6441197e-06
      44.0000   2.3851356e-06
      44.5000   1.5037285e-06
      45.0000   9.0804580e-07
      45.5000   5.2208412e-07
      46.0000   2.8394263e-07
      46.5000   1.4500202e-07
      47.0000   6.8928798e-08
      47.5000   3.0167266e-08
      48.0000   1.1924833e-08
      48.5000   4.1690335e-09
      49.0000       0.0000000
      49.5000       0.0000000
