      0.00000     0.020033012
     0.100000     0.027278996
     0.200000     0.029360846
     0.300000     0.033394079
     0.400000     0.036648338
     0.500000     0.040155463
     0.600000     0.043527133
     0.700000     0.046943890
     0.800000     0.050407500
     0.900000     0.054034778
      1.00000     0.057947154
      1.10000     0.062307452
      1.20000     0.067293984
      1.30000     0.073095531
      1.40000     0.079898771
      1.50000     0.087881871
      1.60000     0.097210069
      1.70000      0.10803388
      1.80000      0.12048709
      1.90000      0.13468291
      2.00000      0.15070752
      2.10000      0.16861167
      2.20000      0.18840263
      2.30000      0.21003971
      2.40000      0.23343569
      2.50000      0.25846535
      2.60000      0.28498005
      2.70000      0.31282521
      2.80000      0.34185609
      2.90000      0.37194788
      3.00000      0.40299673
      3.10000      0.43491111
      3.20000      0.46759551
      3.30000      0.50093065
      3.40000      0.53475521
      3.50000      0.56885412
      3.60000      0.60295734
      3.70000      0.63674994
      3.80000      0.66989256
      3.90000      0.70204908
      4.00000      0.73291665
      4.10000      0.76225274
      4.20000      0.78989471
      4.30000      0.81576806
      4.40000      0.83988115
      4.50000      0.86230656
      4.60000      0.88315120
      4.70000      0.90251967
      4.80000      0.92047730
      4.90000      0.93702038
      5.00000      0.95206084
      5.10000      0.96543057
      5.20000      0.97690651
      5.30000      0.98625289
      5.40000      0.99327210
      5.50000      0.99785236
      5.60000       1.0000000
      5.70000      0.99984766
      5.80000      0.99763465
      5.90000      0.99366421
      6.00000      0.98824742
      6.10000      0.98164796
      6.20000      0.97404101
      6.30000      0.96549579
      6.40000      0.95598453
      6.50000      0.94541316
      6.60000      0.93366487
      6.70000      0.92064449
      6.80000      0.90631319
      6.90000      0.89070715
      7.00000      0.87393894
      7.10000      0.85618400
      7.20000      0.83765795
      7.30000      0.81859172
      7.40000      0.79920919
      7.50000      0.77971050
      7.60000      0.76026284
      7.70000      0.74099817
      7.80000      0.72201615
      7.90000      0.70339038
      8.00000      0.68517646
      8.10000      0.66741883
      8.20000      0.65015460
      8.30000      0.63341232
      8.40000      0.61720629
      8.50000      0.60152206
      8.60000      0.58630548
      8.70000      0.57142949
      8.80000      0.55671858
      8.90000      0.54183566
      9.00000      0.52656352
      9.10000      0.51010433
      9.20000      0.49302213
      9.30000      0.47232462
      9.40000      0.45458727
      9.50000      0.42179987
      9.60000      0.42110186
      9.70000      0.32973000
      9.80000      0.47098891
      9.90000       0.0000000
