     -50.0000     0.058231806
     -49.0000     0.077026199
     -48.0000      0.15559485
     -47.0000      0.21831936
     -46.0000      0.29746906
     -45.0000      0.38454032
     -44.0000      0.48315470
     -43.0000      0.58940036
     -42.0000      0.69855456
     -41.0000      0.80296035
     -40.0000      0.89370124
     -39.0000      0.96157251
     -38.0000      0.99870694
     -37.0000      0.99999996
     -36.0000      0.96417877
     -35.0000      0.89418156
     -34.0000      0.79675243
     -33.0000      0.68132440
     -32.0000      0.55845631
     -31.0000      0.43818742
     -30.0000      0.32866561
     -29.0000      0.23530492
     -28.0000      0.16057032
     -27.0000      0.10431874
     -26.0000     0.064506948
     -25.0000     0.038035345
     -24.0000     0.021520793
     -23.0000     0.011863316
     -22.0000    0.0065614833
     -21.0000    0.0038046368
     -20.0000    0.0024097088
     -19.0000    0.0016797674
     -18.0000    0.0012480106
     -17.0000   0.00094541400
     -16.0000   0.00070631597
     -15.0000   0.00051065242
     -14.0000   0.00035383033
     -13.0000   0.00023372438
     -12.0000   0.00014661102
     -11.0000   8.6990448e-05
     -10.0000   4.8596737e-05
     -9.00000   2.5417035e-05
     -8.00000   1.2358644e-05
     -7.00000   5.5362242e-06
     -6.00000   2.2573976e-06
     -5.00000   8.2405265e-07
     -4.00000   2.6293713e-07
     -3.00000   7.0608745e-08
     -2.00000   1.4923117e-08
     -1.00000   2.1769448e-09
      0.00000   1.5774922e-10
      1.00000  -4.3330562e-16
      2.00000  -4.3330562e-16
      3.00000  -4.3330562e-16
      4.00000  -4.3330562e-16
      5.00000  -4.3330562e-16
      6.00000  -4.3330562e-16
      7.00000  -4.3330562e-16
      8.00000  -4.3330562e-16
      9.00000  -4.3330562e-16
      10.0000  -4.3330562e-16
      11.0000  -4.3330562e-16
      12.0000  -4.3330562e-16
      13.0000  -4.3330562e-16
      14.0000  -4.3330562e-16
      15.0000  -4.3330562e-16
      16.0000  -4.3330562e-16
      17.0000  -4.3330562e-16
      18.0000  -4.3330562e-16
      19.0000  -4.3330562e-16
      20.0000  -4.3330562e-16
      21.0000  -4.3330562e-16
      22.0000  -4.3330562e-16
      23.0000  -4.3330562e-16
      24.0000  -4.3330562e-16
      25.0000  -4.3330562e-16
      26.0000  -4.3330562e-16
      27.0000  -4.3330562e-16
      28.0000  -4.3330562e-16
      29.0000  -4.3330562e-16
      30.0000  -4.3330562e-16
      31.0000  -4.3330562e-16
      32.0000  -4.3330525e-16
      33.0000  -4.3330232e-16
      34.0000  -4.3328948e-16
      35.0000  -4.3324837e-16
      36.0000  -4.3314114e-16
      37.0000  -4.3290172e-16
      38.0000  -4.3249694e-16
      39.0000  -4.3199700e-16
      40.0000  -4.3187378e-16
      41.0000  -4.3303459e-16
      42.0000  -4.3606432e-16
      43.0000  -4.4146001e-16
      44.0000  -4.3260614e-16
      45.0000  -4.0861406e-16
      46.0000  -3.2645332e-16
      47.0000  -2.4255624e-16
      48.0000       0.0000000
      49.0000       0.0000000
