      0.00000       1.0000000
     0.100000     0.096677560
     0.200000      0.36817267
     0.300000      0.19488610
     0.400000      0.19743915
     0.500000      0.14129223
     0.600000      0.11713618
     0.700000     0.090727714
     0.800000     0.074664917
     0.900000     0.063112797
      1.00000     0.056932688
      1.10000     0.054330429
      1.20000     0.054589723
      1.30000     0.056753759
      1.40000     0.060173447
      1.50000     0.064305966
      1.60000     0.068778482
      1.70000     0.073343366
      1.80000     0.077871783
      1.90000     0.082328710
      2.00000     0.086748193
      2.10000     0.091201277
      2.20000     0.095763141
      2.30000      0.10048385
      2.40000      0.10536872
      2.50000      0.11037173
      2.60000      0.11540221
      2.70000      0.12034146
      2.80000      0.12506410
      2.90000      0.12945848
      3.00000      0.13344152
      3.10000      0.13696588
      3.20000      0.14001944
      3.30000      0.14261905
      3.40000      0.14480118
      3.50000      0.14661212
      3.60000      0.14809966
      3.70000      0.14930741
      3.80000      0.15027179
      3.90000      0.15102155
      4.00000      0.15157898
      4.10000      0.15196212
      4.20000      0.15218718
      4.30000      0.15227024
      4.40000      0.15222782
      4.50000      0.15207599
      4.60000      0.15182800
      4.70000      0.15149125
      4.80000      0.15106439
      4.90000      0.15053593
      5.00000      0.14988512
      5.10000      0.14908572
      5.20000      0.14811236
      5.30000      0.14694810
      5.40000      0.14559161
      5.50000      0.14406206
      5.60000      0.14240004
      5.70000      0.14066411
      5.80000      0.13892326
      5.90000      0.13724700
      6.00000      0.13569513
      6.10000      0.13430946
      6.20000      0.13310921
      6.30000      0.13209069
      6.40000      0.13123095
      6.50000      0.13049400
      6.60000      0.12983801
      6.70000      0.12922155
      6.80000      0.12860812
      6.90000      0.12796816
      7.00000      0.12727929
      7.10000      0.12652531
      7.20000      0.12569483
      7.30000      0.12478023
      7.40000      0.12377728
      7.50000      0.12268507
      7.60000      0.12150629
      7.70000      0.12024737
      7.80000      0.11891829
      7.90000      0.11753218
      8.00000      0.11610441
      8.10000      0.11465147
      8.20000      0.11318931
      8.30000      0.11173110
      8.40000      0.11028459
      8.50000      0.10884843
      8.60000      0.10740999
      8.70000      0.10593938
      8.80000      0.10439630
      8.90000      0.10270847
      9.00000      0.10083290
      9.10000     0.098610455
      9.20000     0.096173487
      9.30000     0.092913640
      9.40000     0.090230089
      9.50000     0.084368356
      9.60000     0.085221945
      9.70000     0.067076691
      9.80000     0.097676107
      9.90000       0.0000000
