      0.00000       1.0000000
     0.500000      0.24855552
      1.00000      0.42836273
      1.50000      0.25807733
      2.00000      0.22992648
      2.50000      0.15941385
      3.00000      0.11848089
      3.50000     0.080073358
      4.00000     0.053669079
      4.50000     0.034014095
      5.00000     0.021015572
      5.50000     0.012529872
      6.00000    0.0073759286
      6.50000    0.0043507127
      7.00000    0.0026596709
      7.50000    0.0017311721
      8.00000    0.0012193710
      8.50000   0.00092042628
      9.00000   0.00072748370
      9.50000   0.00058767573
      10.0000   0.00047724544
      10.5000   0.00038594390
      11.0000   0.00030937863
      11.5000   0.00024536561
      12.0000   0.00019248813
      12.5000   0.00014955849
      13.0000   0.00011544320
      13.5000   8.9003704e-05
      14.0000   6.9082832e-05
      14.5000   5.4515995e-05
      15.0000   4.4160730e-05
      15.5000   3.6939329e-05
      16.0000   3.1886368e-05
      16.5000   2.8192091e-05
      17.0000   2.5232519e-05
      17.5000   2.2579229e-05
      18.0000   1.9986925e-05
      18.5000   1.7362327e-05
      19.0000   1.4721066e-05
      19.5000   1.2141095e-05
      20.0000   9.7209257e-06
      20.5000   7.5484442e-06
      21.0000   5.6825560e-06
      21.5000   4.1470686e-06
      22.0000   2.9339359e-06
      22.5000   2.0118211e-06
      23.0000   1.3362088e-06
      23.5000   8.5843329e-07
      24.0000   5.3219976e-07
      24.5000   3.1730308e-07
      25.0000   1.8106523e-07
      25.5000   9.8279735e-08
      26.0000   5.0348820e-08
      26.5000   2.4110703e-08
      27.0000   1.0660570e-08
      27.5000   4.2825972e-09
      28.0000   1.5293464e-09
      28.5000   4.6991082e-10
      29.0000   1.1747762e-10
      29.5000   2.1359474e-11
      30.0000   2.1358451e-12
      30.5000  -1.1367509e-16
      31.0000  -1.1367509e-16
      31.5000  -1.1367509e-16
      32.0000  -1.1367509e-16
      32.5000  -1.1367509e-16
      33.0000  -1.1367509e-16
      33.5000  -1.1367509e-16
      34.0000  -1.1367509e-16
      34.5000  -1.1367509e-16
      35.0000  -1.1367509e-16
      35.5000  -1.1367509e-16
      36.0000  -1.1367509e-16
      36.5000  -1.1367509e-16
      37.0000  -1.1367509e-16
      37.5000  -1.1367509e-16
      38.0000  -1.1367509e-16
      38.5000  -1.1367509e-16
      39.0000  -1.1367509e-16
      39.5000  -1.1367509e-16
      40.0000  -1.1367509e-16
      40.5000  -1.1367509e-16
      41.0000  -1.1367499e-16
      41.5000  -1.1367415e-16
      42.0000  -1.1367004e-16
      42.5000  -1.1365522e-16
      43.0000  -1.1361031e-16
      43.5000  -1.1349344e-16
      44.0000  -1.1324210e-16
      44.5000  -1.1277977e-16
      45.0000  -1.1202547e-16
      45.5000  -1.1092200e-16
      46.0000  -1.0911422e-16
      46.5000  -1.0631207e-16
      47.0000  -9.9196103e-17
      47.5000  -8.7950594e-17
      48.0000  -6.8735253e-17
      48.5000  -5.0296288e-17
      49.0000       0.0000000
      49.5000       0.0000000
