     -50.0000     0.099031794
     -49.0000     0.097032414
     -48.0000      0.15456471
     -47.0000      0.19096234
     -46.0000      0.23818493
     -45.0000      0.28556393
     -44.0000      0.33838794
     -43.0000      0.39540971
     -42.0000      0.45706343
     -41.0000      0.52211847
     -40.0000      0.58894198
     -39.0000      0.65526583
     -38.0000      0.71875393
     -37.0000      0.77736864
     -36.0000      0.82974140
     -35.0000      0.87528803
     -34.0000      0.91405952
     -33.0000      0.94633913
     -32.0000      0.97211342
     -31.0000      0.99059722
     -30.0000       1.0000000
     -29.0000      0.99765509
     -28.0000      0.98052225
     -27.0000      0.94595723
     -26.0000      0.89254245
     -25.0000      0.82073841
     -24.0000      0.73315795
     -23.0000      0.63437192
     -22.0000      0.53028226
     -21.0000      0.42721833
     -20.0000      0.33098168
     -19.0000      0.24606068
     -18.0000      0.17516977
     -17.0000      0.11917008
     -16.0000     0.077326246
     -15.0000     0.047779703
     -14.0000     0.028092987
     -13.0000     0.015738752
     -12.0000    0.0084520626
     -11.0000    0.0044195556
     -10.0000    0.0023253827
     -9.00000    0.0012990962
     -8.00000   0.00081506028
     -7.00000   0.00058403064
     -6.00000   0.00046166915
     -5.00000   0.00038311910
     -4.00000   0.00032233039
     -3.00000   0.00027003569
     -2.00000   0.00022337841
     -1.00000   0.00018165653
      0.00000   0.00014479742
      1.00000   0.00011285795
      2.00000   8.5837379e-05
      3.00000   6.3590971e-05
      4.00000   4.5805702e-05
      5.00000   3.2022065e-05
      6.00000   2.1682122e-05
      7.00000   1.4185925e-05
      8.00000   8.9436142e-06
      9.00000   5.4154601e-06
      10.0000   3.1369922e-06
      11.0000   1.7301771e-06
      12.0000   9.0339350e-07
      13.0000   4.4343371e-07
      14.0000   2.0283631e-07
      15.0000   8.5490295e-08
      16.0000   3.2700263e-08
      17.0000   1.1113356e-08
      18.0000   3.2501938e-09
      19.0000   7.7416154e-10
      20.0000   1.3435991e-10
      21.0000   1.2797605e-11
      22.0000   1.5729904e-15
      23.0000   1.5729904e-15
      24.0000   1.5729904e-15
      25.0000   1.5729904e-15
      26.0000   1.5729904e-15
      27.0000   1.5729904e-15
      28.0000   1.5729904e-15
      29.0000   1.5729904e-15
      30.0000   1.5729904e-15
      31.0000   1.5729904e-15
      32.0000   1.5729907e-15
      33.0000   1.5729928e-15
      34.0000   1.5730024e-15
      35.0000   1.5730342e-15
      36.0000   1.5730985e-15
      37.0000   1.5731675e-15
      38.0000   1.5730756e-15
      39.0000   1.5724132e-15
      40.0000   1.5697081e-15
      41.0000   1.5624804e-15
      42.0000   1.5448528e-15
      43.0000   1.5113521e-15
      44.0000   1.4239428e-15
      45.0000   1.2855247e-15
      46.0000   1.0377815e-15
      47.0000   8.0043335e-16
      48.0000       0.0000000
      49.0000       0.0000000
