     -50.0000      0.16257822
     -49.0000      0.17978645
     -48.0000      0.19958559
     -47.0000      0.21887550
     -46.0000      0.23927662
     -45.0000      0.26081896
     -44.0000      0.28418746
     -43.0000      0.30977821
     -42.0000      0.33785554
     -41.0000      0.36826969
     -40.0000      0.40037903
     -39.0000      0.43300475
     -38.0000      0.46454275
     -37.0000      0.49320164
     -36.0000      0.51734159
     -35.0000      0.53583165
     -34.0000      0.54833469
     -33.0000      0.55543644
     -32.0000      0.55857278
     -31.0000      0.55976479
     -30.0000      0.56122573
     -29.0000      0.56494061
     -28.0000      0.57232667
     -27.0000      0.58406222
     -26.0000      0.60012160
     -25.0000      0.61999454
     -24.0000      0.64301392
     -23.0000      0.66868247
     -22.0000      0.69688303
     -21.0000      0.72788791
     -20.0000      0.76214348
     -19.0000      0.79987702
     -18.0000      0.84063721
     -17.0000      0.88291679
     -16.0000      0.92399819
     -15.0000      0.96010647
     -14.0000      0.98686990
     -13.0000       1.0000000
     -12.0000      0.99603477
     -11.0000      0.97296673
     -10.0000      0.93061279
     -9.00000      0.87065108
     -8.00000      0.79633583
     -7.00000      0.71197753
     -6.00000      0.62231981
     -5.00000      0.53194425
     -4.00000      0.44480531
     -3.00000      0.36394898
     -2.00000      0.29141768
     -1.00000      0.22830470
      0.00000      0.17490495
      1.00000      0.13090750
      2.00000     0.095587099
      3.00000     0.067969106
      4.00000     0.046959293
      5.00000     0.031439520
      6.00000     0.020335630
      7.00000     0.012664546
      8.00000    0.0075653679
      9.00000    0.0043167213
      10.0000    0.0023416170
      11.0000    0.0012011246
      12.0000   0.00057899239
      13.0000   0.00026035678
      14.0000   0.00010823306
      15.0000   4.1122632e-05
      16.0000   1.4066702e-05
      17.0000   4.2428564e-06
      18.0000   1.0938541e-06
      19.0000   2.2877515e-07
      20.0000   3.5096939e-08
      21.0000   3.1168523e-09
      22.0000   4.8496964e-11
      23.0000  -1.8033774e-15
      24.0000  -1.8033774e-15
      25.0000  -1.8033774e-15
      26.0000  -1.8033774e-15
      27.0000  -1.8033774e-15
      28.0000  -1.8033774e-15
      29.0000  -1.8033774e-15
      30.0000  -1.8033774e-15
      31.0000  -1.8033774e-15
      32.0000  -1.8033771e-15
      33.0000  -1.8033744e-15
      34.0000  -1.8033609e-15
      35.0000  -1.8033108e-15
      36.0000  -1.8031680e-15
      37.0000  -1.8028316e-15
      38.0000  -1.8020126e-15
      39.0000  -1.8001078e-15
      40.0000  -1.7952448e-15
      41.0000  -1.7843353e-15
      42.0000  -1.7565991e-15
      43.0000  -1.7018304e-15
      44.0000  -1.6014248e-15
      45.0000  -1.4592045e-15
      46.0000  -1.1964278e-15
      47.0000  -9.5067171e-16
      48.0000       0.0000000
      49.0000       0.0000000
