     -50.0000      0.45872922
     -49.0000      0.52921430
     -48.0000      0.62151988
     -47.0000      0.70104614
     -46.0000      0.77828590
     -45.0000      0.84549858
     -44.0000      0.90279973
     -43.0000      0.94764148
     -42.0000      0.97920102
     -41.0000      0.99667542
     -40.0000      0.99999998
     -39.0000      0.98954212
     -38.0000      0.96616805
     -37.0000      0.93113146
     -36.0000      0.88601645
     -35.0000      0.83264938
     -34.0000      0.77301667
     -33.0000      0.70917422
     -32.0000      0.64315449
     -31.0000      0.57687245
     -30.0000      0.51203853
     -29.0000      0.45008698
     -28.0000      0.39212858
     -27.0000      0.33893296
     -26.0000      0.29094127
     -25.0000      0.24830435
     -24.0000      0.21093764
     -23.0000      0.17858275
     -22.0000      0.15086605
     -21.0000      0.12734776
     -20.0000      0.10755894
     -19.0000     0.091026648
     -18.0000     0.077290362
     -17.0000     0.065912885
     -16.0000     0.056488767
     -15.0000     0.048651661
     -14.0000     0.042080724
     -13.0000     0.036505296
     -12.0000     0.031706787
     -11.0000     0.027517080
     -10.0000     0.023813481
     -9.00000     0.020511038
     -8.00000     0.017553484
     -7.00000     0.014904246
     -6.00000     0.012538698
     -5.00000     0.010438419
     -4.00000    0.0085875567
     -3.00000    0.0069709865
     -2.00000    0.0055736745
     -1.00000    0.0043805785
      0.00000    0.0033765956
      1.00000    0.0025463430
      2.00000    0.0018737998
      3.00000    0.0013419882
      4.00000   0.00093290234
      5.00000   0.00062781330
      6.00000   0.00040792273
      7.00000   0.00025521835
      8.00000   0.00015332917
      9.00000   8.8191866e-05
      10.0000   4.8405783e-05
      11.0000   2.5256878e-05
      12.0000   1.2470319e-05
      13.0000   5.7928509e-06
      14.0000   2.5128809e-06
      15.0000   1.0076028e-06
      16.0000   3.6815047e-07
      17.0000   1.2006510e-07
      18.0000   3.3836529e-08
      19.0000   7.7781738e-09
      20.0000   1.2980019e-09
      21.0000   1.1800090e-10
      22.0000   8.0310207e-16
      23.0000   8.0310207e-16
      24.0000   8.0310207e-16
      25.0000   8.0310207e-16
      26.0000   8.0310207e-16
      27.0000   8.0310207e-16
      28.0000   8.0310207e-16
      29.0000   8.0310207e-16
      30.0000   8.0310207e-16
      31.0000   8.0310207e-16
      32.0000   8.0310204e-16
      33.0000   8.0310173e-16
      34.0000   8.0310293e-16
      35.0000   8.0311638e-16
      36.0000   8.0316305e-16
      37.0000   8.0326993e-16
      38.0000   8.0339563e-16
      39.0000   8.0334436e-16
      40.0000   8.0261120e-16
      41.0000   8.0037703e-16
      42.0000   7.9465007e-16
      43.0000   7.8364472e-16
      44.0000   7.4485516e-16
      45.0000   6.7925901e-16
      46.0000   5.2395262e-16
      47.0000   3.7207887e-16
      48.0000       0.0000000
      49.0000       0.0000000
