      0.00000      0.33578625
     0.500000      0.50350753
      1.00000      0.61696267
      1.50000      0.73902406
      2.00000      0.83880276
      2.50000      0.91906164
      3.00000      0.97316779
      3.50000      0.99999999
      4.00000      0.99925248
      4.50000      0.97287988
      5.00000      0.92434679
      5.50000      0.85831246
      6.00000      0.78005575
      6.50000      0.69492351
      7.00000      0.60784016
      7.50000      0.52294205
      8.00000      0.44337089
      8.50000      0.37122140
      9.00000      0.30761749
      9.50000      0.25287368
      10.0000      0.20669721
      10.5000      0.16839214
      11.0000      0.13703896
      11.5000      0.11163590
      12.0000     0.091198836
      12.5000     0.074823676
      13.0000     0.061718727
      13.5000     0.051215469
      14.0000     0.042765188
      14.5000     0.035927496
      15.0000     0.030355128
      15.5000     0.025777902
      16.0000     0.021987593
      16.5000     0.018824614
      17.0000     0.016166861
      17.5000     0.013920655
      18.0000     0.012013590
      18.5000     0.010389004
      19.0000    0.0090017902
      19.5000    0.0078152941
      20.0000    0.0067990916
      20.5000    0.0059274674
      21.0000    0.0051784216
      21.5000    0.0045330574
      22.0000    0.0039752054
      22.5000    0.0034911518
      23.0000    0.0030693860
      23.5000    0.0027003191
      24.0000    0.0023759672
      24.5000    0.0020896361
      25.0000    0.0018356634
      25.5000    0.0016092482
      26.0000    0.0014063811
      26.5000    0.0012238519
      27.0000    0.0010592784
      27.5000   0.00091108955
      28.0000   0.00077842509
      28.5000   0.00066093671
      29.0000   0.00055851172
      29.5000   0.00047097557
      30.0000   0.00039784194
      30.5000   0.00033815908
      31.0000   0.00029048150
      31.5000   0.00025296474
      32.0000   0.00022354721
      32.5000   0.00020016547
      33.0000   0.00018095493
      33.5000   0.00016439533
      34.0000   0.00014937993
      34.5000   0.00013521079
      35.0000   0.00012153871
      35.5000   0.00010827085
      36.0000   9.5471381e-05
      36.5000   8.3275424e-05
      37.0000   7.1826240e-05
      37.5000   6.1237901e-05
      38.0000   5.1580991e-05
      38.5000   4.2884279e-05
      39.0000   3.5144540e-05
      39.5000   2.8338300e-05
      40.0000   2.2431372e-05
      40.5000   1.7383810e-05
      41.0000   1.3150545e-05
      41.5000   9.6793000e-06
      42.0000   6.9078872e-06
      42.5000   4.7627652e-06
      43.0000   3.1600739e-06
      43.5000   2.0092873e-06
      44.0000   1.2187110e-06
      44.5000   7.0151443e-07
      45.0000   3.8094661e-07
      45.5000   1.9377802e-07
      46.0000   9.1532486e-08
      46.5000   3.9705841e-08
      47.0000   1.5583892e-08
      47.5000   5.4198721e-09
      48.0000   1.6189229e-09
      48.5000   3.9417252e-10
      49.0000       0.0000000
      49.5000       0.0000000
