      0.00000       1.0000000
     0.100000      0.78983594
     0.200000      0.70286890
     0.300000      0.57552455
     0.400000      0.47380866
     0.500000      0.37705204
     0.600000      0.29551746
     0.700000      0.22655588
     0.800000      0.17098621
     0.900000      0.12728597
      1.00000     0.094070010
      1.10000     0.069526109
      1.20000     0.051924251
      1.30000     0.039656205
      1.40000     0.031358381
      1.50000     0.025925995
      1.60000     0.022507157
      1.70000     0.020467754
      1.80000     0.019349992
      1.90000     0.018830739
      2.00000     0.018685630
      2.10000     0.018760300
      2.20000     0.018948763
      2.30000     0.019177937
      2.40000     0.019397129
      2.50000     0.019571293
      2.60000     0.019676992
      2.70000     0.019700070
      2.80000     0.019634189
      2.90000     0.019479635
      3.00000     0.019242038
      3.10000     0.018930889
      3.20000     0.018557957
      3.30000     0.018135812
      3.40000     0.017676643
      3.50000     0.017191513
      3.60000     0.016690081
      3.70000     0.016180735
      3.80000     0.015670954
      3.90000     0.015167747
      4.00000     0.014677977
      4.10000     0.014208397
      4.20000     0.013765365
      4.30000     0.013354259
      4.40000     0.012978714
      4.50000     0.012639925
      4.60000     0.012336252
      4.70000     0.012063318
      4.80000     0.011814666
      4.90000     0.011582882
      5.00000     0.011360918
      5.10000     0.011143293
      5.20000     0.010926840
      5.30000     0.010710824
      5.40000     0.010496423
      5.50000     0.010285769
      5.60000     0.010080849
      5.70000    0.0098826024
      5.80000    0.0096904490
      5.90000    0.0095023455
      6.00000    0.0093152825
      6.10000    0.0091260341
      6.20000    0.0089319181
      6.30000    0.0087313568
      6.40000    0.0085241375
      6.50000    0.0083113696
      6.60000    0.0080952240
      6.70000    0.0078785832
      6.80000    0.0076647124
      6.90000    0.0074569959
      7.00000    0.0072587272
      7.10000    0.0070729062
      7.20000    0.0069019834
      7.30000    0.0067475427
      7.40000    0.0066099803
      7.50000    0.0064882818
      7.60000    0.0063800054
      7.70000    0.0062815507
      7.80000    0.0061887016
      7.90000    0.0060973405
      8.00000    0.0060041681
      8.10000    0.0059072490
      8.20000    0.0058062394
      8.30000    0.0057022404
      8.40000    0.0055973425
      8.50000    0.0054939302
      8.60000    0.0053940481
      8.70000    0.0052986379
      8.80000    0.0052076715
      8.90000    0.0051188249
      9.00000    0.0050310003
      9.10000    0.0049360917
      9.20000    0.0048422698
      9.30000    0.0047150897
      9.40000    0.0046339835
      9.50000    0.0043842184
      9.60000    0.0045272041
      9.70000    0.0035973492
      9.80000    0.0054443817
      9.90000       0.0000000
