      0.00000      0.11363376
     0.100000      0.31810061
     0.200000      0.52752535
     0.300000      0.70527150
     0.400000      0.85121831
     0.500000      0.94817512
     0.600000      0.99750973
     0.700000       1.0000000
     0.800000      0.96419258
     0.900000      0.90001930
      1.00000      0.81902999
      1.10000      0.73169110
      1.20000      0.64662233
      1.30000      0.56977751
      1.40000      0.50447672
      1.50000      0.45172623
      1.60000      0.41083007
      1.70000      0.38003673
      1.80000      0.35712677
      1.90000      0.33985198
      2.00000      0.32621286
      2.10000      0.31459001
      2.20000      0.30376931
      2.30000      0.29290400
      2.40000      0.28145094
      2.50000      0.26910584
      2.60000      0.25574962
      2.70000      0.24140783
      2.80000      0.22621963
      2.90000      0.21041050
      3.00000      0.19426468
      3.10000      0.17809570
      3.20000      0.16221666
      3.30000      0.14691293
      3.40000      0.13242065
      3.50000      0.11891359
      3.60000      0.10649892
      3.70000     0.095221219
      3.80000     0.085072301
      3.90000     0.076004356
      4.00000     0.067943444
      4.10000     0.060801370
      4.20000     0.054484798
      4.30000     0.048901391
      4.40000     0.043963374
      4.50000     0.039589416
      4.60000     0.035705636
      4.70000     0.032246245
      4.80000     0.029154048
      4.90000     0.026380762
      5.00000     0.023886904
      5.10000     0.021641075
      5.20000     0.019618652
      5.30000     0.017800058
      5.40000     0.016168886
      5.50000     0.014710230
      5.60000     0.013409461
      5.70000     0.012251571
      5.80000     0.011221047
      5.90000     0.010302162
      6.00000    0.0094795209
      6.10000    0.0087386889
      6.20000    0.0080667808
      6.30000    0.0074529179
      6.40000    0.0068884910
      6.50000    0.0063671881
      6.60000    0.0058847821
      6.70000    0.0054387160
      6.80000    0.0050275528
      6.90000    0.0046503937
      7.00000    0.0043063755
      7.10000    0.0039943307
      7.20000    0.0037126405
      7.30000    0.0034592621
      7.40000    0.0032318723
      7.50000    0.0030280484
      7.60000    0.0028454218
      7.70000    0.0026817776
      7.80000    0.0025350979
      7.90000    0.0024035685
      8.00000    0.0022855744
      8.10000    0.0021797016
      8.20000    0.0020847482
      8.30000    0.0019997326
      8.40000    0.0019238983
      8.50000    0.0018566871
      8.60000    0.0017977305
      8.70000    0.0017467158
      8.80000    0.0017035064
      8.90000    0.0016675399
      9.00000    0.0016390934
      9.10000    0.0016156813
      9.20000    0.0016012995
      9.30000    0.0015821953
      9.40000    0.0015905094
      9.50000    0.0015380087
      9.60000    0.0016519096
      9.70000    0.0013342226
      9.80000    0.0021483919
      9.90000       0.0000000
