      0.00000       1.0000000
     0.100000      0.84337635
     0.200000      0.94118195
     0.300000      0.92829287
     0.400000      0.93805391
     0.500000      0.91224866
     0.600000      0.87171150
     0.700000      0.81032958
     0.800000      0.73590579
     0.900000      0.65290006
      1.00000      0.56784310
      1.10000      0.48593237
      1.20000      0.41144197
      1.30000      0.34705879
      1.40000      0.29406830
      1.50000      0.25252919
      1.60000      0.22164148
      1.70000      0.20009067
      1.80000      0.18635313
      1.90000      0.17891194
      2.00000      0.17638857
      2.10000      0.17760246
      2.20000      0.18158174
      2.30000      0.18754513
      2.40000      0.19487099
      2.50000      0.20306387
      2.60000      0.21172485
      2.70000      0.22052903
      2.80000      0.22921173
      2.90000      0.23756310
      3.00000      0.24542890
      3.10000      0.25271374
      3.20000      0.25938232
      3.30000      0.26545480
      3.40000      0.27099414
      3.50000      0.27608613
      3.60000      0.28081551
      3.70000      0.28524287
      3.80000      0.28938764
      3.90000      0.29322103
      4.00000      0.29666983
      4.10000      0.29962968
      4.20000      0.30198404
      4.30000      0.30362410
      4.40000      0.30446525
      4.50000      0.30445731
      4.60000      0.30358761
      4.70000      0.30187765
      4.80000      0.29937552
      4.90000      0.29614646
      5.00000      0.29226382
      5.10000      0.28780195
      5.20000      0.28283195
      5.30000      0.27742016
      5.40000      0.27162896
      5.50000      0.26551867
      5.60000      0.25914928
      5.70000      0.25258081
      5.80000      0.24587142
      5.90000      0.23907343
      6.00000      0.23222793
      6.10000      0.22535961
      6.20000      0.21847386
      6.30000      0.21155711
      6.40000      0.20458148
      6.50000      0.19751278
      6.60000      0.19032037
      6.70000      0.18298638
      6.80000      0.17551241
      6.90000      0.16792196
      7.00000      0.16025851
      7.10000      0.15257992
      7.20000      0.14495103
      7.30000      0.13743623
      7.40000      0.13009369
      7.50000      0.12297209
      7.60000      0.11610957
      7.70000      0.10953441
      7.80000      0.10326618
      7.90000     0.097316720
      8.00000     0.091690590
      8.10000     0.086385225
      8.20000     0.081391354
      8.30000     0.076694027
      8.40000     0.072274460
      8.50000     0.068111883
      8.60000     0.064185265
      8.70000     0.060472403
      8.80000     0.056950922
      8.90000     0.053588955
      9.00000     0.050360013
      9.10000     0.047196147
      9.20000     0.044110067
      9.30000     0.040884409
      9.40000     0.037907302
      9.50000     0.034008876
      9.60000     0.032161785
      9.70000     0.024557104
      9.80000     0.031727240
      9.90000       0.0000000
