      0.00000       1.0000000
     0.500000      0.39868482
      1.00000      0.50813177
      1.50000      0.35222292
      2.00000      0.30683535
      2.50000      0.23220134
      3.00000      0.18325084
      3.50000      0.13939614
      4.00000      0.10749976
      4.50000     0.083112667
      5.00000     0.065632713
      5.50000     0.052943569
      6.00000     0.043743422
      6.50000     0.036829806
      7.00000     0.031420534
      7.50000     0.026995028
      8.00000     0.023268029
      8.50000     0.020098199
      9.00000     0.017429776
      9.50000     0.015242341
      10.0000     0.013520863
      10.5000     0.012238854
      11.0000     0.011352479
      11.5000     0.010801359
      12.0000     0.010513332
      12.5000     0.010410875
      13.0000     0.010417650
      13.5000     0.010464157
      14.0000     0.010492042
      14.5000     0.010457004
      15.0000     0.010330406
      15.5000     0.010099698
      16.0000    0.0097676806
      16.5000    0.0093504949
      17.0000    0.0088742550
      17.5000    0.0083704448
      18.0000    0.0078705962
      18.5000    0.0074010585
      19.0000    0.0069788375
      19.5000    0.0066093821
      20.0000    0.0062867876
      20.5000    0.0059962787
      21.0000    0.0057182979
      21.5000    0.0054331723
      22.0000    0.0051252624
      22.5000    0.0047857388
      23.0000    0.0044135817
      23.5000    0.0040148796
      24.0000    0.0036008724
      24.5000    0.0031853845
      25.0000    0.0027822927
      25.5000    0.0024035115
      26.0000    0.0020577466
      26.5000    0.0017500484
      27.0000    0.0014820269
      27.5000    0.0012525025
      28.0000    0.0010583548
      28.5000   0.00089537413
      29.0000   0.00075898385
      29.5000   0.00064477008
      30.0000   0.00054880890
      30.5000   0.00046781687
      31.0000   0.00039916694
      31.5000   0.00034081614
      32.0000   0.00029118716
      32.5000   0.00024903823
      33.0000   0.00021334660
      33.5000   0.00018322150
      34.0000   0.00015785295
      34.5000   0.00013649376
      35.0000   0.00011846545
      35.5000   0.00010317507
      36.0000   9.0129903e-05
      36.5000   7.8941314e-05
      37.0000   6.9314524e-05
      37.5000   6.1026799e-05
      38.0000   5.3900701e-05
      38.5000   4.7780061e-05
      39.0000   4.2514179e-05
      39.5000   3.7952505e-05
      40.0000   3.3948568e-05
      40.5000   3.0369176e-05
      41.0000   2.7104129e-05
      41.5000   2.4072861e-05
      42.0000   2.1226113e-05
      42.5000   1.8542533e-05
      43.0000   1.6021715e-05
      43.5000   1.3675812e-05
      44.0000   1.1521412e-05
      44.5000   9.5731569e-06
      45.0000   7.8392132e-06
      45.5000   6.3199354e-06
      46.0000   5.0054827e-06
      46.5000   3.8821166e-06
      47.0000   2.9190961e-06
      47.5000   2.1098946e-06
      48.0000   1.3673994e-06
      48.5000   8.1166568e-07
      49.0000       0.0000000
      49.5000       0.0000000
