      0.00000    0.0012338468
     0.500000    0.0033049467
      1.00000      0.18843141
      1.50000      0.30352830
      2.00000      0.44367153
      2.50000      0.56959279
      3.00000      0.69116887
      3.50000      0.79806540
      4.00000      0.88688072
      4.50000      0.95201587
      5.00000      0.99026499
      5.50000      0.99999996
      6.00000      0.98195930
      6.50000      0.93894223
      7.00000      0.87545506
      7.50000      0.79705327
      8.00000      0.70965092
      8.50000      0.61887389
      9.00000      0.52956610
      9.50000      0.44548780
      10.0000      0.36920882
      10.5000      0.30216365
      11.0000      0.24481894
      11.5000      0.19689980
      12.0000      0.15762859
      12.5000      0.12594282
      13.0000      0.10067257
      13.5000     0.080669887
      14.0000     0.064891674
      14.5000     0.052442885
      15.0000     0.042589373
      15.5000     0.034750001
      16.0000     0.028476687
      16.5000     0.023429341
      17.0000     0.019350721
      17.5000     0.016044364
      18.0000     0.013357156
      18.5000     0.011166825
      19.0000    0.0093737532
      19.5000    0.0078960747
      20.0000    0.0066668854
      20.5000    0.0056325439
      21.0000    0.0047513193
      21.5000    0.0039919694
      22.0000    0.0033320922
      22.5000    0.0027562907
      23.0000    0.0022542913
      23.5000    0.0018191815
      24.0000    0.0014459064
      24.5000    0.0011301226
      25.0000   0.00086744621
      25.5000   0.00065307163
      26.0000   0.00048169698
      26.5000   0.00034766376
      27.0000   0.00024520905
      27.5000   0.00016874208
      28.0000   0.00011308335
      28.5000   7.3632513e-05
      29.0000   4.6456411e-05
      29.5000   2.8308504e-05
      30.0000   1.6597214e-05
      30.5000   9.3215574e-06
      31.0000   4.9895127e-06
      31.5000   2.5302077e-06
      32.0000   1.2070547e-06
      32.5000   5.3712804e-07
      33.0000   2.2060447e-07
      33.5000   8.2503878e-08
      34.0000   2.7597556e-08
      34.5000   8.0500396e-09
      35.0000   1.9718990e-09
      35.5000   3.8355048e-10
      36.0000   5.4148650e-11
      36.5000   4.5127574e-12
      37.0000   4.0360283e-16
      37.5000   4.0360283e-16
      38.0000   4.0360283e-16
      38.5000   4.0360283e-16
      39.0000   4.0360283e-16
      39.5000   4.0360283e-16
      40.0000   4.0360283e-16
      40.5000   4.0360283e-16
      41.0000   4.0360326e-16
      41.5000   4.0360665e-16
      42.0000   4.0362221e-16
      42.5000   4.0367472e-16
      43.0000   4.0380266e-16
      43.5000   4.0404280e-16
      44.0000   4.0437064e-16
      44.5000   4.0462658e-16
      45.0000   4.0463882e-16
      45.5000   4.0423106e-16
      46.0000   4.0440054e-16
      46.5000   4.0631566e-16
      47.0000   4.0986133e-16
      47.5000   4.1530677e-16
      48.0000   3.7143037e-16
      48.5000   3.2686409e-16
      49.0000       0.0000000
      49.5000       0.0000000
