      0.00000      0.12199003
     0.500000     0.052224492
      1.00000      0.13520400
      1.50000      0.16236282
      2.00000      0.21478364
      2.50000      0.26333801
      3.00000      0.32021730
      3.50000      0.38132786
      4.00000      0.44802069
      4.50000      0.51878686
      5.00000      0.59239288
      5.50000      0.66675106
      6.00000      0.73948035
      6.50000      0.80789810
      7.00000      0.86928404
      7.50000      0.92107465
      8.00000      0.96108681
      8.50000      0.98770100
      9.00000       1.0000000
      9.50000      0.99783936
      10.0000      0.98184268
      10.5000      0.95332102
      11.0000      0.91412676
      11.5000      0.86646243
      12.0000      0.81267228
      12.5000      0.75504684
      13.0000      0.69566672
      13.5000      0.63630237
      14.0000      0.57837316
      14.5000      0.52295701
      15.0000      0.47083283
      15.5000      0.42253623
      16.0000      0.37841277
      16.5000      0.33866076
      17.0000      0.30336264
      17.5000      0.27250877
      18.0000      0.24601729
      18.5000      0.22375058
      19.0000      0.20552479
      19.5000      0.19110787
      20.0000      0.18020313
      20.5000      0.17242129
      21.0000      0.16725085
      21.5000      0.16404107
      22.0000      0.16201161
      22.5000      0.16029743
      23.0000      0.15802784
      23.5000      0.15442688
      24.0000      0.14891467
      24.5000      0.14118624
      25.0000      0.13124875
      25.5000      0.11940752
      26.0000      0.10620387
      26.5000     0.092319098
      27.0000     0.078465392
      27.5000     0.065285836
      28.0000     0.053280957
      28.5000     0.042770789
      29.0000     0.033892436
      29.5000     0.026625790
      30.0000     0.020835857
      30.5000     0.016319779
      31.0000     0.012849084
      31.5000     0.010201563
      32.0000    0.0081810799
      32.5000    0.0066265659
      33.0000    0.0054130805
      33.5000    0.0044480924
      34.0000    0.0036656228
      34.5000    0.0030200571
      35.0000    0.0024805865
      35.5000    0.0020266342
      36.0000    0.0016442953
      36.5000    0.0013237016
      37.0000    0.0010571759
      37.5000   0.00083805509
      38.0000   0.00066006368
      38.5000   0.00051710928
      39.0000   0.00040334664
      39.5000   0.00031337065
      40.0000   0.00024242269
      40.5000   0.00018652639
      41.0000   0.00014251520
      41.5000   0.00010796132
      42.0000   8.1036287e-05
      42.5000   6.0343052e-05
      43.0000   4.4760220e-05
      43.5000   3.3326374e-05
      44.0000   2.5172712e-05
      44.5000   1.9501321e-05
      45.0000   1.5594905e-05
      45.5000   1.2844305e-05
      46.0000   1.0762995e-05
      46.5000   9.0156868e-06
      47.0000   7.3564641e-06
      47.5000   5.7445755e-06
      48.0000   3.9455041e-06
      48.5000   2.4618093e-06
      49.0000       0.0000000
      49.5000       0.0000000
