     -50.0000     0.046109601
     -49.0000     0.059369261
     -48.0000      0.10645384
     -47.0000      0.14167537
     -46.0000      0.18302795
     -45.0000      0.22431182
     -44.0000      0.26816644
     -43.0000      0.31359424
     -42.0000      0.36064529
     -41.0000      0.40869339
     -40.0000      0.45715910
     -39.0000      0.50534669
     -38.0000      0.55262480
     -37.0000      0.59846256
     -36.0000      0.64247328
     -35.0000      0.68438578
     -34.0000      0.72396853
     -33.0000      0.76091892
     -32.0000      0.79476077
     -31.0000      0.82479647
     -30.0000      0.85015416
     -29.0000      0.86994503
     -28.0000      0.88350962
     -27.0000      0.89069576
     -26.0000      0.89208784
     -25.0000      0.88910636
     -24.0000      0.88392145
     -23.0000      0.87916811
     -22.0000      0.87750375
     -21.0000      0.88109328
     -20.0000      0.89113268
     -19.0000      0.90752119
     -18.0000      0.92876633
     -17.0000      0.95215969
     -16.0000      0.97420398
     -15.0000      0.99121726
     -14.0000       1.0000000
     -13.0000      0.99843005
     -12.0000      0.98585953
     -11.0000      0.96322879
     -10.0000      0.93287519
     -9.00000      0.89808415
     -8.00000      0.86249364
     -7.00000      0.82949997
     -6.00000      0.80180468
     -5.00000      0.78119297
     -4.00000      0.76856132
     -3.00000      0.76413156
     -2.00000      0.76773052
     -1.00000      0.77900188
      0.00000      0.79745735
      1.00000      0.82234539
      2.00000      0.85239586
      3.00000      0.88556107
      4.00000      0.91889089
      5.00000      0.94863845
      6.00000      0.97061995
      7.00000      0.98077107
      8.00000      0.97577507
      9.00000      0.95360903
      10.0000      0.91388075
      11.0000      0.85788613
      12.0000      0.78838641
      13.0000      0.70916954
      14.0000      0.62450372
      15.0000      0.53859655
      16.0000      0.45515199
      17.0000      0.37708222
      18.0000      0.30638958
      19.0000      0.24419496
      20.0000      0.19086796
      21.0000      0.14620789
      22.0000      0.10962996
      23.0000     0.080324773
      24.0000     0.057377747
      25.0000     0.039848961
      26.0000     0.026822532
      27.0000     0.017436984
      28.0000     0.010906273
      29.0000    0.0065361963
      30.0000    0.0037365805
      31.0000    0.0020275970
      32.0000    0.0010385581
      33.0000   0.00049891379
      34.0000   0.00022306345
      35.0000   9.1940242e-05
      36.0000   3.4509237e-05
      37.0000   1.1603669e-05
      38.0000   3.4153816e-06
      39.0000   8.4951804e-07
      40.0000   1.6836263e-07
      41.0000   2.3811298e-08
      42.0000   1.8544606e-09
      43.0000   1.6123821e-11
      44.0000  -1.7601867e-15
      45.0000  -1.5182684e-15
      46.0000  -1.0124327e-15
      47.0000  -5.3908561e-16
      48.0000       0.0000000
      49.0000       0.0000000
