      0.00000      0.36282307
     0.100000      0.23576950
     0.200000      0.25330932
     0.300000      0.21723015
     0.400000      0.20408285
     0.500000      0.18571054
     0.600000      0.17342303
     0.700000      0.16320071
     0.800000      0.15654317
     0.900000      0.15261852
      1.00000      0.15131846
      1.10000      0.15217007
      1.20000      0.15480455
      1.30000      0.15882144
      1.40000      0.16387238
      1.50000      0.16965843
      1.60000      0.17595991
      1.70000      0.18265229
      1.80000      0.18971977
      1.90000      0.19725445
      2.00000      0.20544017
      2.10000      0.21452084
      2.20000      0.22475777
      2.30000      0.23638366
      2.40000      0.24956193
      2.50000      0.26435843
      2.60000      0.28072965
      2.70000      0.29852849
      2.80000      0.31752499
      2.90000      0.33743689
      3.00000      0.35796451
      3.10000      0.37882437
      3.20000      0.39977676
      3.30000      0.42064446
      3.40000      0.44132149
      3.50000      0.46177211
      3.60000      0.48202151
      3.70000      0.50214071
      3.80000      0.52222845
      3.90000      0.54239316
      4.00000      0.56273770
      4.10000      0.58334897
      4.20000      0.60429307
      4.30000      0.62561512
      4.40000      0.64734132
      4.50000      0.66948003
      4.60000      0.69201888
      4.70000      0.71491690
      4.80000      0.73809289
      4.90000      0.76141413
      5.00000      0.78469043
      5.10000      0.80767853
      5.20000      0.83009843
      5.30000      0.85165970
      5.40000      0.87209223
      5.50000      0.89117410
      5.60000      0.90874924
      5.70000      0.92473133
      5.80000      0.93909471
      5.90000      0.95185598
      6.00000      0.96305273
      6.10000      0.97272540
      6.20000      0.98090632
      6.30000      0.98761614
      6.40000      0.99286674
      6.50000      0.99666801
      6.60000      0.99903591
      6.70000       1.0000000
      6.80000      0.99961025
      6.90000      0.99794140
      7.00000      0.99509501
      7.10000      0.99119630
      7.20000      0.98638499
      7.30000      0.98079976
      7.40000      0.97455753
      7.50000      0.96773172
      7.60000      0.96033516
      7.70000      0.95231370
      7.80000      0.94355446
      7.90000      0.93390945
      8.00000      0.92323105
      8.10000      0.91141128
      8.20000      0.89841418
      8.30000      0.88429038
      8.40000      0.86916907
      8.50000      0.85321907
      8.60000      0.83660012
      8.70000      0.81937447
      8.80000      0.80150427
      8.90000      0.78266318
      9.00000      0.76263186
      9.10000      0.74030219
      9.20000      0.71648787
      9.30000      0.68689215
      9.40000      0.66097077
      9.50000      0.61291522
      9.60000      0.61049469
      9.70000      0.47753611
      9.80000      0.67849224
      9.90000       0.0000000
