     -50.0000       0.0000000
     -49.0000       0.0000000
     -48.0000   1.0417716e-05
     -47.0000   1.9669553e-05
     -46.0000   3.4187270e-05
     -45.0000   5.4488830e-05
     -44.0000   8.3382189e-05
     -43.0000   0.00012327223
     -42.0000   0.00017711656
     -41.0000   0.00024821689
     -40.0000   0.00034047668
     -39.0000   0.00045866245
     -38.0000   0.00060888105
     -37.0000   0.00079926585
     -36.0000    0.0010409142
     -35.0000    0.0013490657
     -34.0000    0.0017444738
     -33.0000    0.0022548832
     -32.0000    0.0029164985
     -31.0000    0.0037753323
     -30.0000    0.0048884425
     -29.0000    0.0063252541
     -28.0000    0.0081694540
     -27.0000     0.010522371
     -26.0000     0.013509263
     -25.0000     0.017290453
     -24.0000     0.022079986
     -23.0000     0.028175106
     -22.0000     0.035999774
     -21.0000     0.046163905
     -20.0000     0.059535603
     -19.0000     0.077314473
     -18.0000      0.10108088
     -17.0000      0.13278218
     -16.0000      0.17460778
     -15.0000      0.22870854
     -14.0000      0.29674326
     -13.0000      0.37928537
     -12.0000      0.47518687
     -11.0000      0.58105713
     -10.0000      0.69104710
     -9.00000      0.79710284
     -8.00000      0.88976229
     -7.00000      0.95943284
     -6.00000      0.99793758
     -5.00000       1.0000000
     -4.00000      0.96431041
     -3.00000      0.89389613
     -2.00000      0.79567879
     -1.00000      0.67930714
      0.00000      0.55554238
      1.00000      0.43457305
      2.00000      0.32462305
      3.00000      0.23111118
      4.00000      0.15645478
      5.00000      0.10043723
      6.00000     0.060941099
      7.00000     0.034809578
      8.00000     0.018626339
      9.00000    0.0092799290
      10.0000    0.0042715576
      11.0000    0.0017984294
      12.0000   0.00068347396
      13.0000   0.00023030464
      14.0000   6.7093185e-05
      15.0000   1.6297985e-05
      16.0000   3.1527978e-06
      17.0000   4.7461171e-07
      18.0000   6.3486657e-08
      19.0000   9.5711647e-09
      20.0000   1.0565567e-09
      21.0000   3.1074688e-11
      22.0000  -5.2353368e-16
      23.0000  -5.2353368e-16
      24.0000  -5.2353368e-16
      25.0000  -5.2353368e-16
      26.0000  -5.2353368e-16
      27.0000  -5.2353368e-16
      28.0000  -5.2353368e-16
      29.0000  -5.2353368e-16
      30.0000  -5.2353368e-16
      31.0000  -5.2353368e-16
      32.0000  -5.2353378e-16
      33.0000  -5.2353463e-16
      34.0000  -5.2354005e-16
      35.0000  -5.2356392e-16
      36.0000  -5.2362707e-16
      37.0000  -5.2374349e-16
      38.0000  -5.2383039e-16
      39.0000  -5.2360688e-16
      40.0000  -5.2266460e-16
      41.0000  -5.2048023e-16
      42.0000  -5.1462248e-16
      43.0000  -5.0294730e-16
      44.0000  -4.7495338e-16
      45.0000  -4.3141577e-16
      46.0000  -3.2571346e-16
      47.0000  -2.2363117e-16
      48.0000       0.0000000
      49.0000       0.0000000
