      0.00000      0.15323382
     0.500000      0.10435619
      1.00000      0.27861401
      1.50000      0.36627659
      2.00000      0.48421339
      2.50000      0.58548636
      3.00000      0.68508273
      3.50000      0.77375681
      4.00000      0.85125379
      4.50000      0.91405374
      5.00000      0.96049788
      5.50000      0.98922144
      6.00000       1.0000000
      6.50000      0.99350477
      7.00000      0.97130051
      7.50000      0.93561212
      8.00000      0.88909208
      8.50000      0.83455935
      9.00000      0.77477279
      9.50000      0.71225230
      10.0000      0.64916175
      10.5000      0.58725067
      11.0000      0.52784562
      11.5000      0.47187732
      12.0000      0.41993004
      12.5000      0.37230124
      13.0000      0.32906311
      13.5000      0.29012048
      14.0000      0.25526228
      14.5000      0.22420517
      15.0000      0.19662893
      15.5000      0.17220374
      16.0000      0.15060964
      16.5000      0.13154888
      17.0000      0.11475219
      17.5000     0.099980189
      18.0000     0.087021390
      18.5000     0.075688225
      19.0000     0.065812295
      19.5000     0.057239853
      20.0000     0.049828113
      20.5000     0.043442745
      21.0000     0.037956616
      21.5000     0.033249662
      22.0000     0.029209662
      22.5000     0.025733551
      23.0000     0.022728905
      23.5000     0.020115206
      24.0000     0.017824568
      24.5000     0.015801708
      25.0000     0.014003137
      25.5000     0.012395657
      26.0000     0.010954423
      26.5000    0.0096608591
      27.0000    0.0085007130
      27.5000    0.0074624460
      28.0000    0.0065360679
      28.5000    0.0057124028
      29.0000    0.0049827073
      29.5000    0.0043385320
      30.0000    0.0037717236
      30.5000    0.0032744862
      31.0000    0.0028394539
      31.5000    0.0024597550
      32.0000    0.0021290595
      32.5000    0.0018416017
      33.0000    0.0015921792
      33.5000    0.0013761264
      34.0000    0.0011892639
      34.5000    0.0010278342
      35.0000   0.00088843626
      35.5000   0.00076797736
      36.0000   0.00066364898
      36.5000   0.00057293121
      37.0000   0.00049362003
      37.5000   0.00042386172
      38.0000   0.00036217547
      38.5000   0.00030745099
      39.0000   0.00025891281
      39.5000   0.00021605175
      40.0000   0.00017853419
      40.5000   0.00014610675
      41.0000   0.00011851283
      41.5000   9.5434451e-05
      42.0000   7.6467330e-05
      42.5000   6.1128339e-05
      43.0000   4.8886050e-05
      43.5000   3.9202364e-05
      44.0000   3.1571995e-05
      44.5000   2.5551044e-05
      45.0000   2.0766859e-05
      45.5000   1.6919007e-05
      46.0000   1.3757910e-05
      46.5000   1.1096663e-05
      47.0000   8.7387218e-06
      47.5000   6.6373284e-06
      48.0000   4.4787949e-06
      48.5000   2.7648448e-06
      49.0000       0.0000000
      49.5000       0.0000000
