      0.00000     0.054834028
     0.100000     0.018042164
     0.200000     0.037971950
     0.300000     0.036214999
     0.400000     0.042699806
     0.500000     0.045968530
     0.600000     0.050377946
     0.700000     0.054266546
     0.800000     0.058312716
     0.900000     0.062360942
      1.00000     0.066644970
      1.10000     0.071321374
      1.20000     0.076635962
      1.30000     0.082838073
      1.40000     0.090184364
      1.50000     0.098906835
      1.60000      0.10919767
      1.70000      0.12119453
      1.80000      0.13497438
      1.90000      0.15055304
      2.00000      0.16789057
      2.10000      0.18690100
      2.20000      0.20746572
      2.30000      0.22944927
      2.40000      0.25271657
      2.50000      0.27714987
      2.60000      0.30266310
      2.70000      0.32921072
      2.80000      0.35678865
      2.90000      0.38542576
      3.00000      0.41516602
      3.10000      0.44604319
      3.20000      0.47805247
      3.30000      0.51112416
      3.40000      0.54510427
      3.50000      0.57974723
      3.60000      0.61472341
      3.70000      0.64964144
      3.80000      0.68408250
      3.90000      0.71764125
      4.00000      0.74996500
      4.10000      0.78078235
      4.20000      0.80991486
      4.30000      0.83726848
      4.40000      0.86280641
      4.50000      0.88651128
      4.60000      0.90834711
      4.70000      0.92823192
      4.80000      0.94602895
      4.90000      0.96155906
      5.00000      0.97463014
      5.10000      0.98507482
      5.20000      0.99278575
      5.30000      0.99773905
      5.40000      0.99999998
      5.50000      0.99971056
      5.60000      0.99706317
      5.70000      0.99226723
      5.80000      0.98551694
      5.90000      0.97696714
      6.00000      0.96672198
      6.10000      0.95483767
      6.20000      0.94133744
      6.30000      0.92623458
      6.40000      0.90955727
      6.50000      0.89136867
      6.60000      0.87177739
      6.70000      0.85093619
      6.80000      0.82902997
      6.90000      0.80625735
      7.00000      0.78281237
      7.10000      0.75887194
      7.20000      0.73459221
      7.30000      0.71011393
      7.40000      0.68557292
      7.50000      0.66110990
      7.60000      0.63687458
      7.70000      0.61302153
      7.80000      0.58969856
      7.90000      0.56703146
      8.00000      0.54511059
      8.10000      0.52398380
      8.20000      0.50365732
      8.30000      0.48410327
      8.40000      0.46527120
      8.50000      0.44709607
      8.60000      0.42950569
      8.70000      0.41240869
      8.80000      0.39571037
      8.90000      0.37923932
      9.00000      0.36290753
      9.10000      0.34627774
      9.20000      0.32972189
      9.30000      0.31145355
      9.40000      0.29541620
      9.50000      0.27074282
      9.60000      0.26570451
      9.70000      0.20643499
      9.80000      0.28708267
      9.90000       0.0000000
