     -50.0000       0.0000000
     -49.0000       0.0000000
     -48.0000    0.0076981016
     -47.0000     0.015064250
     -46.0000     0.027389322
     -45.0000     0.046122042
     -44.0000     0.074700906
     -43.0000      0.11639944
     -42.0000      0.17447368
     -41.0000      0.25117350
     -40.0000      0.34687528
     -39.0000      0.45917563
     -38.0000      0.58236081
     -37.0000      0.70747657
     -36.0000      0.82316931
     -35.0000      0.91726038
     -34.0000      0.97877931
     -33.0000       1.0000000
     -32.0000      0.97798159
     -31.0000      0.91520529
     -30.0000      0.81911911
     -29.0000      0.70070724
     -28.0000      0.57246263
     -27.0000      0.44626225
     -26.0000      0.33162979
     -25.0000      0.23472546
     -24.0000      0.15815871
     -23.0000      0.10149297
     -22.0000     0.062176660
     -21.0000     0.036592367
     -20.0000     0.020962125
     -19.0000     0.011963052
     -18.0000    0.0070278114
     -17.0000    0.0043854016
     -16.0000    0.0029388345
     -15.0000    0.0020789523
     -14.0000    0.0015046051
     -13.0000    0.0010836616
     -12.0000   0.00076316222
     -11.0000   0.00052071984
     -10.0000   0.00034280085
     -9.00000   0.00021731732
     -8.00000   0.00013249388
     -7.00000   7.7584733e-05
     -6.00000   4.3568801e-05
     -5.00000   2.3417598e-05
     -4.00000   1.2014201e-05
     -3.00000   5.8605259e-06
     -2.00000   2.7028296e-06
     -1.00000   1.1691800e-06
      0.00000   4.6908658e-07
      1.00000   1.7180081e-07
      2.00000   5.6140436e-08
      3.00000   1.5826432e-08
      4.00000   3.6380482e-09
      5.00000   6.0941944e-10
      6.00000   5.5401991e-11
      7.00000   2.4579865e-16
      8.00000   2.4579865e-16
      9.00000   2.4579865e-16
      10.0000   2.4579865e-16
      11.0000   2.4579865e-16
      12.0000   2.4579865e-16
      13.0000   2.4579865e-16
      14.0000   2.4579865e-16
      15.0000   2.4579865e-16
      16.0000   2.4579865e-16
      17.0000   2.4579865e-16
      18.0000   2.4579865e-16
      19.0000   2.4579865e-16
      20.0000   2.4579865e-16
      21.0000   2.4579865e-16
      22.0000   2.4579865e-16
      23.0000   2.4579865e-16
      24.0000   2.4579865e-16
      25.0000   2.4579865e-16
      26.0000   2.4579865e-16
      27.0000   2.4579865e-16
      28.0000   2.4579865e-16
      29.0000   2.4579865e-16
      30.0000   2.4579865e-16
      31.0000   2.4579865e-16
      32.0000   2.4579783e-16
      33.0000   2.4579127e-16
      34.0000   2.4575780e-16
      35.0000   2.4563272e-16
      36.0000   2.4526074e-16
      37.0000   2.4433431e-16
      38.0000   2.4236663e-16
      39.0000   2.3870876e-16
      40.0000   2.3271368e-16
      41.0000   2.2392415e-16
      42.0000   2.1298071e-16
      43.0000   2.0108640e-16
      44.0000   1.8074821e-16
      45.0000   1.5345440e-16
      46.0000   1.1458164e-16
      47.0000   7.8418044e-17
      48.0000       0.0000000
      49.0000       0.0000000
