     -23.0000       0.0000000
     -22.5000     0.016139476
     -22.0000     0.015129775
     -21.5000     0.020528817
     -21.0000     0.023311187
     -20.5000     0.026919207
     -20.0000     0.030149921
     -19.5000     0.033646423
     -19.0000     0.037402728
     -18.5000     0.041661714
     -18.0000     0.046521301
     -17.5000     0.052036543
     -17.0000     0.058152622
     -16.5000     0.064727378
     -16.0000     0.071547099
     -15.5000     0.078365585
     -15.0000     0.084943465
     -14.5000     0.091083424
     -14.0000     0.096652045
     -13.5000      0.10158573
     -13.0000      0.10588294
     -12.5000      0.10958909
     -12.0000      0.11278001
     -11.5000      0.11554900
     -11.0000      0.11799943
     -10.5000      0.12024128
     -10.0000      0.12238946
     -9.50000      0.12456498
     -9.00000      0.12690509
     -8.50000      0.12959372
     -8.00000      0.13292844
     -7.50000      0.13743510
     -7.00000      0.14402454
     -6.50000      0.15416170
     -6.00000      0.16998740
     -5.50000      0.19430042
     -5.00000      0.23030973
     -4.50000      0.28110575
     -4.00000      0.34887016
     -3.50000      0.43394324
     -3.00000      0.53398822
     -2.50000      0.64353236
     -2.00000      0.75412460
     -1.50000      0.85523130
     -1.00000      0.93580269
    -0.500000      0.98619458
      0.00000      0.99999996
     0.500000      0.97533590
      1.00000      0.91523868
      1.50000      0.82704004
      2.00000      0.72091211
      2.50000      0.60796710
      3.00000      0.49837682
      3.50000      0.39993689
      4.00000      0.31734692
      4.50000      0.25222298
      5.00000      0.20368094
      5.50000      0.16922971
      6.00000      0.14569510
      6.50000      0.12995352
      7.00000      0.11938361
      7.50000      0.11204080
      8.00000      0.10662352
      8.50000      0.10232741
      9.00000     0.098677031
      9.50000     0.095386141
      10.0000     0.092266375
      10.5000     0.089181050
      11.0000     0.086028461
      11.5000     0.082737115
      12.0000     0.079262329
      12.5000     0.075580201
      13.0000     0.071680371
      13.5000     0.067561097
      14.0000     0.063229305
      14.5000     0.058705350
      15.0000     0.054029825
      15.5000     0.049268094
      16.0000     0.044508750
      16.5000     0.039854571
      17.0000     0.035407766
      17.5000     0.031253422
      18.0000     0.027446086
      18.5000     0.024003506
      19.0000     0.020909242
      19.5000     0.018122817
      20.0000     0.015594048
      20.5000     0.013277289
      21.0000     0.011141767
      21.5000    0.0091758086
      22.0000    0.0073847888
      22.5000    0.0057846828
      23.0000    0.0043927512
      23.5000    0.0032211253
      24.0000    0.0022652296
      24.5000    0.0015182282
      25.0000   0.00092050720
      25.5000   0.00051036220
      26.0000       0.0000000
      26.5000       0.0000000
